0,8.787350,1.467876,0.900030,-9.822175,-15.000000
0,17.007270,3.225466,-0.136426,-17.290739,30.000000
0,11.100930,4.676593,-0.008664,-11.253446,30.000000
0,7.731906,11.942169,0.902860,-8.709849,0.000000
0,8.366926,1.620002,0.833337,-9.344981,-15.000000
0,6.509866,4.318721,0.208462,-6.469220,19.000000
0,6.539498,9.414219,0.980643,-9.797108,0.000000
0,8.879681,13.728988,-0.710526,-9.087089,30.000000
0,7.125186,0.817084,-0.992196,-8.482222,-30.000000
0,5.106547,8.039864,0.690114,-5.181404,11.000000
0,7.590564,1.126928,0.082034,-5.680485,716.000000
0,15.713003,2.483129,-0.045716,-13.793457,840.000000
0,10.462980,3.102874,0.288298,-7.622551,603.000000
0,7.174860,5.934179,0.606465,-6.578076,-102.000000
0,7.958747,1.228055,0.249091,-5.478147,582.000000
0,5.407682,2.805331,0.099223,-4.203720,766.000000
0,9.336562,6.222113,0.273123,-6.997896,516.000000
0,11.777329,7.332757,0.679034,-11.392737,450.000000
0,9.594975,0.937239,0.413469,-7.716717,451.000000
0,8.670602,6.530398,0.317846,-4.168243,670.000000
1,7.734508,1.147727,0.049088,-5.668699,672.000000
1,15.713087,2.483143,-0.046919,-13.828117,840.000000
1,10.804739,3.197689,0.225753,-7.861147,524.000000
1,7.499048,6.204610,0.496979,-6.778078,-97.000000
1,8.089307,1.247455,0.314344,-5.608815,-292.000000
1,5.486701,2.845626,0.019304,-4.239793,757.000000
1,9.352036,6.177217,0.311953,-7.061056,-315.000000
1,11.503994,7.049533,0.814601,-11.661377,78.000000
1,9.723077,0.948844,0.570862,-7.980862,71.000000
1,8.745271,6.435292,0.395438,-4.655958,184.000000
2,7.562487,1.122896,0.134090,-5.661033,724.000000
2,15.712957,2.483121,-0.045334,-13.773121,840.000000
2,10.335311,3.062687,0.499072,-7.414815,603.000000
2,7.086294,5.842275,0.722844,-6.579023,-98.000000
2,7.904228,1.219364,0.273248,-5.415466,608.000000
2,5.390328,2.796173,0.208799,-4.176862,767.000000
2,9.311474,6.203111,0.275280,-6.954759,539.000000
2,11.668757,7.248716,0.686543,-11.303332,496.000000
2,9.492444,0.926715,0.433950,-7.627299,505.000000
2,8.575238,6.477267,0.350153,-4.183820,26.000000
3,7.655994,1.136893,0.058650,-5.777592,714.000000
3,15.713086,2.483143,-0.044215,-13.852039,840.000000
3,10.827405,3.213495,-0.023214,-8.083618,621.000000
3,7.663227,6.351116,0.521394,-6.920933,-88.000000
3,8.163883,1.260924,0.196375,-5.636743,588.000000
3,5.607930,2.895332,0.487386,-4.484080,-259.000000
3,9.543116,6.438005,0.246671,-7.143891,525.000000
3,12.469302,7.888937,0.572180,-11.750682,463.000000
3,10.014744,0.982308,0.319251,-7.974480,442.000000
3,9.074670,6.871051,0.247777,-4.553459,703.000000
4,7.597895,1.127334,0.100110,-5.595458,697.000000
4,15.713000,2.483128,-0.048265,-13.771547,840.000000
4,10.339168,3.062466,0.476947,-7.322934,-124.000000
4,6.979516,5.761263,0.683760,-6.405995,0.000000
4,7.859777,1.210757,0.320869,-5.389970,510.000000
4,5.409083,2.805822,0.152877,-4.149797,761.000000
4,9.164214,5.988059,0.323867,-6.906609,416.000000
4,10.973826,6.674873,0.835757,-11.298928,170.000000
4,9.269527,0.900328,0.550377,-7.610434,327.000000
4,8.332901,6.167935,0.404916,-4.226927,157.000000
5,7.666035,1.137172,0.095429,-5.593060,673.000000
5,15.713043,2.483136,-0.049120,-13.786743,840.000000
5,10.527423,3.114646,0.400622,-7.509853,513.000000
5,7.213514,5.951676,0.620096,-6.588172,-95.000000
5,7.935466,1.222022,0.344211,-5.497158,-287.000000
5,5.443552,2.823283,0.146352,-4.162784,756.000000
5,9.179026,5.969608,0.343125,-6.964215,-315.000000
5,10.828651,6.572628,0.891704,-11.469042,72.000000
5,9.300943,0.902726,0.625650,-7.802651,-240.000000
5,8.369125,6.119975,0.443621,-4.489799,134.000000
6,7.509184,1.113267,0.180348,-5.421151,703.000000
6,15.712914,2.483114,-0.051900,-13.712204,840.000000
6,9.927661,2.939958,0.776483,-7.135520,-118.000000
6,6.567743,5.356360,0.810743,-6.231264,-87.000000
6,7.563208,1.159106,0.422416,-5.281513,-132.000000
6,5.377521,2.789121,0.360611,-4.013251,759.000000
6,8.788453,5.541902,0.413247,-6.839867,-194.000000
6,9.675527,5.913192,0.920538,-10.935264,-75.000000
6,8.441259,0.810511,0.672726,-7.399802,-240.000000
6,7.315702,5.349522,0.594012,-4.057476,-15.000000
7,7.744408,1.149412,0.013804,-5.717220,678.000000
7,15.713103,2.483146,-0.045370,-13.852554,840.000000
7,10.916193,3.233426,0.095170,-8.014814,535.000000
7,7.612414,6.309581,0.430655,-6.833058,-99.000000
7,8.159105,1.259057,0.300055,-5.634879,-248.000000
7,5.526955,2.864728,0.025961,-4.302360,757.000000
7,9.449744,6.295809,0.290776,-7.107304,-315.000000
7,11.893418,7.357867,0.745413,-11.723254,119.000000
7,9.920741,0.970415,0.514424,-8.025834,127.000000
7,8.938996,6.625086,0.355906,-4.682623,281.000000
8,7.521474,1.111507,0.222673,-5.181510,630.000000
8,15.712947,2.483119,-0.060579,-13.692018,840.000000
8,9.855432,2.915474,0.805809,-7.079574,-217.000000
8,6.398422,5.171204,0.840319,-6.189147,-113.000000
8,7.178711,1.086174,0.606353,-5.319930,-330.000000
8,5.414068,2.807059,0.497884,-3.953341,743.000000
8,8.030172,4.691425,0.575056,-6.810325,-138.000000
8,7.533683,5.238185,0.577168,-5.658759,3.000000
8,6.571188,0.625594,0.977824,-7.528630,-240.000000
8,5.860607,4.140639,0.785994,-3.956436,-15.000000
9,7.639655,1.134659,0.044523,-5.819487,720.000000
9,15.713086,2.483143,-0.043077,-13.865091,840.000000
9,10.843485,3.221328,-0.126993,-8.154111,644.000000
9,7.751049,6.430991,0.493848,-6.957921,-28.000000
9,8.185799,1.264792,0.089862,-5.670485,612.000000
9,5.697702,2.937135,0.625564,-4.555305,-183.000000
9,9.596242,6.514096,0.203943,-7.184547,566.000000
9,12.677364,8.105903,0.483684,-11.865383,541.000000
9,10.072469,0.989351,0.229875,-8.015536,507.000000
9,9.137270,6.971940,0.205261,-4.613100,719.000000
10,8.025975,1.192195,-0.232908,-6.068652,708.000000
10,15.713320,2.483183,-0.040511,-14.057529,840.000000
10,11.488505,3.417064,-0.435318,-8.921553,540.000000
10,8.647164,7.173059,0.383359,-7.738325,-24.000000
10,8.652106,1.337023,0.197640,-6.056194,208.000000
10,6.732333,3.446970,0.597377,-5.757264,-123.000000
10,10.064126,6.896420,0.243805,-7.581094,36.000000
10,13.499896,8.767360,0.369593,-12.293655,684.000000
10,10.725821,1.057225,0.181957,-8.454062,468.000000
10,9.823948,7.552085,0.137905,-5.184108,705.000000
11,7.446089,1.100018,0.256253,-5.116294,665.000000
11,15.712908,2.483112,-0.062363,-13.672592,840.000000
11,9.704050,2.875523,0.852163,-6.885167,-147.000000
11,5.817725,4.674375,0.914762,-5.979525,15.000000
11,7.038496,1.060342,0.618354,-5.273253,-206.000000
11,5.384876,2.791999,0.618728,-3.905409,744.000000
11,7.842477,4.558731,0.602992,-6.797375,-281.000000
11,7.606877,5.257272,0.293678,-9.720030,-75.000000
11,6.453673,0.608931,0.953063,-7.421484,-240.000000
11,5.528144,3.945280,0.819915,-3.714535,-15.000000
12,7.681839,1.139579,0.073374,-5.607486,671.000000
12,15.713051,2.483137,-0.048524,-13.796047,840.000000
12,10.592807,3.134293,0.346155,-7.603640,511.000000
12,7.272754,6.005978,0.581633,-6.621832,-98.000000
12,7.968222,1.227470,0.332219,-5.519417,-315.000000
12,5.448618,2.826069,0.105379,-4.176714,756.000000
12,9.209646,6.007915,0.337859,-6.970362,-315.000000
12,10.933082,6.645339,0.885191,-11.506803,32.000000
12,9.386151,0.912192,0.620145,-7.842362,71.000000
12,8.437876,6.170289,0.436908,-4.533739,149.000000
13,7.767576,1.153895,-0.122200,-6.130698,743.000000
13,15.713240,2.483170,-0.038518,-14.042478,840.000000
13,11.082336,3.302578,-0.403196,-8.837588,660.000000
13,8.520077,7.140446,-0.464411,-7.802972,438.000000
13,8.439940,1.305531,-0.485985,-6.094956,503.000000
13,6.797268,3.509617,-0.003971,-5.781757,362.000000
13,9.943632,6.921407,-0.135734,-7.599094,481.000000
13,13.594697,9.071200,0.027914,-12.572525,832.000000
13,10.440912,1.030068,-0.244398,-8.379670,667.000000
13,9.543401,7.518798,0.006535,-5.180932,899.000000
14,7.965531,1.183205,-0.165229,-6.028162,710.000000
14,15.713289,2.483178,-0.041191,-14.022834,840.000000
14,11.393789,3.387472,-0.377759,-8.778851,551.000000
14,8.521820,7.069618,0.402544,-7.635882,-24.000000
14,8.581868,1.326187,0.176417,-5.986582,209.000000
14,6.587947,3.374224,0.602181,-5.614818,-128.000000
14,9.998956,6.844632,0.236828,-7.520273,36.000000
14,13.398137,8.677903,0.395812,-12.182016,617.000000
14,10.648143,1.049174,0.192897,-8.390355,470.000000
14,9.731379,7.465912,0.150775,-5.105410,712.000000
15,7.605585,1.126967,0.130348,-5.449428,656.000000
15,15.712987,2.483126,-0.052252,-13.742214,840.000000
15,10.194965,3.017031,0.561974,-7.207755,-239.000000
15,6.824844,5.600855,0.767885,-6.398631,-29.000000
15,7.673163,1.176675,0.428823,-5.347267,-303.000000
15,5.421324,2.811771,0.208493,-4.077919,751.000000
15,8.798878,5.519106,0.427905,-6.859468,-57.000000
15,9.181932,5.719677,0.917853,-11.103553,-75.000000
15,8.418052,0.808799,0.767658,-7.657595,-240.000000
15,7.472549,5.351477,0.580711,-4.284906,77.000000
16,7.574311,1.122760,0.148883,-5.469349,679.000000
16,15.712974,2.483124,-0.051819,-13.737814,840.000000
16,10.139652,3.001503,0.623592,-7.237190,-156.000000
16,6.799367,5.578600,0.782528,-6.398712,0.000000
16,7.683391,1.179272,0.401221,-5.341498,-215.000000
16,5.408063,2.804838,0.259658,-4.076203,755.000000
16,8.874683,5.610982,0.400284,-6.852958,-304.000000
16,9.677411,5.906623,0.928542,-11.115487,47.000000
16,8.639142,0.831653,0.695845,-7.563475,-240.000000
16,7.636904,5.541078,0.544763,-4.197365,106.000000
17,7.531321,1.118297,0.141158,-5.628956,726.000000
17,15.712889,2.483110,-0.043709,-13.753837,840.000000
17,10.164743,3.012285,0.629899,-7.289069,-90.000000
17,6.889231,5.674912,0.794067,-6.453624,13.000000
17,7.819462,1.205838,0.272915,-5.338621,620.000000
17,5.367699,2.784682,0.221839,-4.144339,768.000000
17,9.240405,6.144313,0.278447,-6.888961,543.000000
17,11.381568,7.026717,0.710049,-11.120577,505.000000
17,9.317782,0.908580,0.445664,-7.515385,530.000000
17,8.383312,6.335645,0.391224,-4.136475,45.000000
18,7.496221,1.114158,0.146586,-5.830327,753.000000
18,15.712818,2.483100,-0.034914,-13.835333,840.000000
18,10.476374,3.115787,-0.002685,-8.278900,705.000000
18,7.723129,6.448805,0.146237,-6.932224,771.000000
18,8.034298,1.242624,-0.170535,-5.730566,578.000000
18,5.542989,2.875641,-0.148484,-4.399900,775.000000
18,9.569122,6.598234,0.073302,-7.251701,560.000000
18,12.702660,8.352323,0.277896,-11.999229,764.000000
18,9.774696,0.962739,0.136623,-7.901415,713.000000
18,8.904724,6.996881,0.271273,-4.753196,958.000000
19,7.471269,1.105553,0.234661,-5.230104,684.000000
19,15.712910,2.483113,-0.058616,-13.684288,840.000000
19,9.770987,2.895379,0.821115,-6.909110,-131.000000
19,6.058618,4.884423,0.896152,-6.043273,29.000000
19,7.283248,1.105890,0.541331,-5.281562,-161.000000
19,5.381453,2.790529,0.538772,-3.938506,751.000000
19,8.274718,4.969125,0.525522,-6.824230,-229.000000
19,8.366595,5.453008,0.752811,-10.779808,-75.000000
19,7.348730,0.694815,0.846861,-7.436175,-240.000000
19,6.356476,4.514657,0.704195,-3.906300,-15.000000
20,7.888086,1.171651,-0.120012,-5.986007,713.000000
20,15.713245,2.483171,-0.041395,-13.989500,840.000000
20,11.280110,3.353305,-0.340659,-8.634189,559.000000
20,8.371079,6.949349,0.374671,-7.478057,0.000000
20,8.499669,1.313549,0.126358,-5.914290,595.000000
20,6.415050,3.288006,0.605116,-5.419166,-126.000000
20,9.922817,6.787447,0.219646,-7.438400,36.000000
20,13.287256,8.588664,0.411793,-12.105923,597.000000
20,10.550141,1.039063,0.180538,-8.322882,473.000000
20,9.625482,7.376654,0.152736,-5.026128,720.000000
21,7.682911,1.140772,0.068105,-5.769403,708.000000
21,15.713099,2.483145,-0.044585,-13.855404,840.000000
21,10.874956,3.225730,0.013865,-8.080066,609.000000
21,7.688835,6.370646,0.509456,-6.938837,-94.000000
21,8.181286,1.263399,0.247021,-5.641096,571.000000
21,5.614583,2.899217,0.428482,-4.536970,-300.000000
21,9.541874,6.421496,0.265830,-7.141973,505.000000
21,12.410977,7.812306,0.612842,-11.753604,280.000000
21,10.033209,0.983660,0.361634,-7.996653,402.000000
21,9.088185,6.851129,0.268578,-4.569956,615.000000
22,7.711352,1.143763,0.047565,-5.592688,654.000000
22,15.713057,2.483138,-0.048592,-13.799291,840.000000
22,10.640941,3.146573,0.346532,-7.641303,474.000000
22,7.295377,6.025318,0.555491,-6.618959,-98.000000
22,7.966774,1.226873,0.346167,-5.521389,-330.000000
22,5.458279,2.831252,0.062040,-4.171553,754.000000
22,9.173691,5.955608,0.359140,-6.973417,7.000000
22,10.655596,6.481088,0.918303,-11.491833,-75.000000
22,9.312693,0.904641,0.665825,-7.911835,-240.000000
22,8.342504,6.053647,0.467661,-4.606327,130.000000
23,7.915257,1.175672,-0.164960,-6.014065,713.000000
23,15.713261,2.483173,-0.040924,-14.009445,840.000000
23,11.321035,3.366890,-0.389840,-8.717481,561.000000
23,8.438176,7.006808,0.349292,-7.533094,13.000000
23,8.536682,1.319332,0.110127,-5.949706,596.000000
23,6.512235,3.337733,0.592125,-5.498600,-117.000000
23,9.962432,6.823136,0.213809,-7.469808,36.000000
23,13.359791,8.656519,0.388667,-12.159227,617.000000
23,10.596169,1.043928,0.154922,-8.359879,477.000000
23,9.679635,7.432518,0.136687,-5.071316,724.000000
24,7.617267,1.128977,0.132603,-5.478829,661.000000
24,15.713001,2.483128,-0.052150,-13.748533,840.000000
24,10.253219,3.033407,0.544413,-7.314521,-199.000000
24,6.904469,5.666580,0.771904,-6.472807,-28.000000
24,7.732908,1.186917,0.416071,-5.392152,-276.000000
24,5.429557,2.815787,0.239247,-4.092945,752.000000
24,8.888653,5.614034,0.411460,-6.882476,-57.000000
24,9.505812,5.843955,0.933738,-11.219272,-75.000000
24,8.620906,0.829761,0.738567,-7.724514,-240.000000
24,7.683207,5.523583,0.553192,-4.348922,101.000000
25,8.044895,1.195058,-0.211591,-5.998356,694.000000
25,15.713285,2.483178,-0.041292,-14.020031,840.000000
25,11.491667,3.412946,-0.315163,-8.798052,499.000000
25,8.486939,7.035668,0.400312,-7.601484,-101.000000
25,8.590357,1.327018,0.334210,-6.015546,31.000000
25,6.416151,3.286129,0.634081,-5.541703,-243.000000
25,9.966815,6.796808,0.291130,-7.520311,-57.000000
25,13.244248,8.508648,0.464026,-12.094795,519.000000
25,10.646328,1.048397,0.316971,-8.398720,381.000000
25,9.720386,7.396411,0.210680,-5.106515,630.000000
26,7.662164,1.135697,0.096147,-5.499185,643.000000
26,15.713021,2.483132,-0.051370,-13.763065,840.000000
26,10.389451,3.071899,0.471258,-7.369851,-243.000000
26,7.021379,5.772939,0.722506,-6.506246,-29.000000
26,7.791196,1.196630,0.422282,-5.419981,-330.000000
26,5.444493,2.823717,0.166176,-4.111355,750.000000
26,8.934875,5.664759,0.413225,-6.931418,-57.000000
26,9.547809,5.892753,0.959288,-11.254959,-75.000000
26,8.674059,0.836308,0.758120,-7.828841,-240.000000
26,7.767390,5.555649,0.554158,-4.475570,98.000000
27,7.501840,1.111019,0.202719,-5.325141,687.000000
27,15.712924,2.483115,-0.055349,-13.700962,840.000000
27,9.861886,2.921441,0.768554,-7.006207,-170.000000
27,6.396058,5.195277,0.835631,-6.094128,-105.000000
27,7.438858,1.135344,0.479404,-5.272466,-171.000000
27,5.384409,2.792397,0.412599,-3.983474,754.000000
27,8.537672,5.241151,0.470762,-6.812926,-238.000000
27,8.868455,5.604539,0.875055,-10.847295,-75.000000
27,7.886058,0.751307,0.780089,-7.408179,-240.000000
27,6.835575,4.912091,0.649029,-3.981838,-15.000000
28,7.681678,1.139119,0.061472,-5.557385,652.000000
28,15.713036,2.483135,-0.049355,-13.783723,840.000000
28,10.522307,3.112011,0.384432,-7.495699,464.000000
28,7.148498,5.898914,0.610894,-6.506194,-30.000000
28,7.893750,1.214635,0.363991,-5.460670,-330.000000
28,5.447079,2.825423,0.086696,-4.145805,753.000000
28,9.084639,5.848148,0.375924,-6.944227,4.000000
28,10.265472,6.252546,0.946971,-11.385846,-75.000000
28,9.075835,0.879061,0.695029,-7.841950,-240.000000
28,8.137422,5.877979,0.494936,-4.528780,102.000000
29,7.882404,1.170295,-0.052634,-5.837347,675.000000
29,15.713180,2.483159,-0.043221,-13.923431,840.000000
29,11.253856,3.334422,-0.040916,-8.361558,440.000000
29,8.014896,6.646897,0.373994,-7.155614,-91.000000
29,8.356406,1.290201,0.335481,-5.825336,-222.000000
29,5.764360,2.971562,0.451659,-4.830976,-300.000000
29,9.677359,6.524483,0.287047,-7.303531,-312.000000
29,12.507485,7.852633,0.637943,-11.888601,181.000000
29,10.292305,1.010393,0.462899,-8.221343,127.000000
29,9.312056,6.961004,0.312944,-4.899159,286.000000
30,7.562159,1.124007,0.085540,-5.932802,753.000000
30,15.712906,2.483115,-0.035131,-13.897474,840.000000
30,10.650159,3.168436,-0.067690,-8.451954,713.000000
30,8.091005,6.781255,-0.304195,-7.476822,538.000000
30,8.140369,1.259326,-0.299827,-5.873454,592.000000
30,6.050302,3.132276,-0.122790,-4.986319,419.000000
30,9.685971,6.721276,-0.003998,-7.394082,558.000000
30,13.096076,8.712983,0.149297,-12.289078,812.000000
30,9.965065,0.982860,0.050132,-8.016087,721.000000
30,9.078562,7.169845,0.225553,-5.048390,964.000000
31,7.869227,1.168807,-0.083026,-5.945361,709.000000
31,15.713225,2.483167,-0.042030,-13.966312,840.000000
31,11.253414,3.343163,-0.278565,-8.535229,540.000000
31,8.274189,6.864869,0.408653,-7.396530,-26.000000
31,8.460090,1.307202,0.201123,-5.870936,581.000000
31,6.246379,3.202013,0.630517,-5.301050,-172.000000
31,9.866282,6.727628,0.248224,-7.409214,36.000000
31,13.139805,8.442543,0.464037,-12.023125,536.000000
31,10.493790,1.032827,0.247205,-8.280730,450.000000
31,9.558289,7.288277,0.187430,-4.971923,690.000000
32,7.671816,1.139326,0.043822,-5.825614,715.000000
32,15.713111,2.483148,-0.043282,-13.877226,840.000000
32,10.925234,3.244246,-0.118895,-8.178463,634.000000
32,7.821217,6.488056,0.475995,-7.011350,-87.000000
32,8.229504,1.271410,0.147596,-5.693431,597.000000
32,5.744836,2.958438,0.620053,-4.682269,-204.000000
32,9.622771,6.523374,0.227098,-7.199303,545.000000
32,12.698261,8.087987,0.517716,-11.857117,496.000000
32,10.139081,0.995783,0.262227,-8.056849,468.000000
32,9.200436,6.994695,0.215426,-4.663563,691.000000
33,7.792031,1.156409,0.015076,-5.716694,669.000000
33,15.713124,2.483150,-0.045643,-13.860750,840.000000
33,11.000708,3.255544,0.144807,-8.059650,511.000000
33,7.714165,6.388297,0.442922,-6.937707,-96.000000
33,8.188799,1.263441,0.315221,-5.706241,-311.000000
33,5.553389,2.877890,0.039089,-4.309770,755.000000
33,9.461945,6.295724,0.302746,-7.147004,-315.000000
33,11.837245,7.310583,0.759816,-11.752650,85.000000
33,9.938568,0.972161,0.550798,-8.097086,71.000000
33,8.944277,6.603318,0.378777,-4.790242,230.000000
34,7.545289,1.117904,0.188993,-5.396477,681.000000
34,15.712960,2.483121,-0.054460,-13.718349,840.000000
34,10.017703,2.964325,0.719169,-7.222908,-172.000000
34,6.709625,5.479111,0.803297,-6.392617,-29.000000
34,7.576956,1.159722,0.452857,-5.338508,-197.000000
34,5.404785,2.802721,0.382642,-4.031251,754.000000
34,8.723426,5.428996,0.438413,-6.856457,-278.000000
34,9.265201,5.736461,0.914136,-11.069336,-75.000000
34,8.288316,0.793544,0.747782,-7.585310,-240.000000
34,7.243645,5.222804,0.612679,-4.157266,-15.000000
35,8.120970,1.206481,-0.254158,-6.027677,688.000000
35,15.713315,2.483183,-0.041011,-14.046848,840.000000
35,11.601197,3.444907,-0.320027,-8.914664,481.000000
35,8.595132,7.122651,0.403795,-7.703102,-100.000000
35,8.647928,1.335809,0.368498,-6.084933,-83.000000
35,6.514281,3.334978,0.639615,-5.666647,-264.000000
35,10.013800,6.832796,0.300203,-7.571486,-102.000000
35,13.327637,8.572994,0.452030,-12.178284,598.000000
35,10.710815,1.055058,0.334430,-8.452015,370.000000
35,9.794968,7.457821,0.213141,-5.170271,608.000000
36,7.847116,1.165577,-0.128360,-6.008617,721.000000
36,15.713235,2.483169,-0.040568,-13.994182,840.000000
36,11.223933,3.338679,-0.362928,-8.639835,582.000000
36,8.381663,6.966647,0.292988,-7.472037,30.000000
36,8.484299,1.311477,-0.019730,-5.925595,617.000000
36,6.492788,3.330971,0.553810,-5.410532,-87.000000
36,9.928109,6.814263,0.157709,-7.430534,249.000000
36,13.371617,8.695990,0.349406,-12.178215,641.000000
36,10.529841,1.037484,0.081733,-8.323555,534.000000
36,9.616233,7.412144,0.116073,-5.033669,762.000000
37,7.556282,1.122784,0.090211,-5.852097,741.000000
37,15.712944,2.483120,-0.038685,-13.846183,840.000000
37,10.645270,3.165688,-0.099880,-8.178941,676.000000
37,7.715892,6.415341,0.470261,-6.902657,28.000000
37,8.085108,1.250048,-0.096537,-5.630378,670.000000
37,5.655704,2.924685,0.469134,-4.372867,774.000000
37,9.584373,6.571654,0.114912,-7.181613,644.000000
37,12.737768,8.294150,0.341127,-11.997770,701.000000
37,9.919968,0.976133,0.129300,-7.966145,643.000000
37,8.997941,6.985509,0.223928,-4.613520,880.000000
38,7.793488,1.156875,0.002039,-5.794570,680.000000
38,15.713148,2.483154,-0.044046,-13.893028,840.000000
38,11.114303,3.293600,-0.015068,-8.214694,537.000000
38,7.867619,6.524010,0.397640,-7.031291,-93.000000
38,8.280902,1.278433,0.321425,-5.742022,-201.000000
38,5.661190,2.924107,0.339243,-4.638582,-300.000000
38,9.598538,6.449122,0.285301,-7.226962,-276.000000
38,12.340124,7.716839,0.667209,-11.840206,181.000000
38,10.169933,0.997289,0.463159,-8.127865,244.000000
38,9.187957,6.858570,0.318613,-4.790940,286.000000
39,7.531859,1.114905,0.205336,-5.315206,667.000000
39,15.712951,2.483120,-0.056764,-13.705967,840.000000
39,9.931685,2.939960,0.740152,-7.085388,-207.000000
39,6.583394,5.354803,0.805836,-6.278016,-93.000000
39,7.439722,1.134332,0.507452,-5.314524,-234.000000
39,5.406206,2.803290,0.427302,-3.995976,750.000000
39,8.481425,5.160275,0.489563,-6.825695,-287.000000
39,8.545860,5.504176,0.804309,-10.882947,-75.000000
39,7.710674,0.733766,0.836369,-7.570902,-240.000000
39,6.749449,4.797188,0.674048,-4.084493,-15.000000
40,7.639439,1.133824,0.087864,-5.656797,698.000000
40,15.713040,2.483135,-0.047076,-13.800157,840.000000
40,10.566513,3.130130,0.309478,-7.654739,570.000000
40,7.270252,6.011529,0.576965,-6.625973,-101.000000
40,7.991244,1.232366,0.306069,-5.492226,529.000000
40,5.440031,2.821600,0.104846,-4.201895,761.000000
40,9.308898,6.154902,0.300409,-6.991145,449.000000
40,11.546140,7.096119,0.773506,-11.478977,181.000000
40,9.587722,0.934854,0.501406,-7.760102,338.000000
40,8.646674,6.431831,0.362201,-4.369293,162.000000
41,8.042542,1.194693,-0.201463,-5.976220,690.000000
41,15.713273,2.483175,-0.041495,-14.008419,840.000000
41,11.482185,3.408600,-0.272988,-8.756645,486.000000
41,8.431233,6.990279,0.383647,-7.539179,-106.000000
41,8.564279,1.322878,0.350377,-5.994421,-83.000000
41,6.314338,3.235379,0.636637,-5.459336,-282.000000
41,9.931132,6.763315,0.294891,-7.497908,-102.000000
41,13.153977,8.422094,0.490751,-12.062036,277.000000
41,10.611611,1.044631,0.348783,-8.378363,356.000000
41,9.677871,7.342437,0.229319,-5.083457,606.000000
42,7.990918,1.187002,-0.165609,-6.006657,704.000000
42,15.713284,2.483177,-0.041430,-14.014719,840.000000
42,11.421478,3.393829,-0.341492,-8.758722,530.000000
42,8.487882,7.037395,0.424647,-7.613001,-83.000000
42,8.577308,1.325246,0.262170,-5.984961,31.000000
42,6.489427,3.323073,0.621693,-5.569368,-180.000000
42,9.976595,6.814484,0.267796,-7.517807,36.000000
42,13.311482,8.584540,0.434287,-12.124908,570.000000
42,10.637153,1.047726,0.255841,-8.380965,425.000000
42,9.714198,7.421134,0.181796,-5.090783,678.000000
43,7.801034,1.157644,0.001802,-5.700640,662.000000
43,15.713118,2.483149,-0.045797,-13.856834,840.000000
43,10.992357,3.251535,0.181655,-8.033401,492.000000
43,7.677208,6.358340,0.426705,-6.891471,-100.000000
43,8.167864,1.259994,0.308043,-5.695177,-330.000000
43,5.528332,2.866747,-0.039969,-4.299988,754.000000
43,9.425911,6.254172,0.312350,-7.102811,-315.000000
43,11.672240,7.186813,0.784369,-11.716104,44.000000
43,9.872925,0.965188,0.577699,-8.101145,71.000000
43,8.871451,6.524027,0.397924,-4.804487,222.000000
44,7.525740,1.117935,0.145516,-5.693599,736.000000
44,15.712851,2.483104,-0.040213,-13.768961,840.000000
44,10.268719,3.045194,0.462562,-7.536353,633.000000
44,7.035269,5.806934,0.758580,-6.556318,15.000000
44,7.890098,1.218196,0.208310,-5.406269,650.000000
44,5.360185,2.781046,0.177105,-4.201386,770.000000
44,9.366812,6.310522,0.230569,-6.957970,590.000000
44,11.861032,7.467523,0.608311,-11.318182,599.000000
44,9.502996,0.930016,0.376782,-7.632800,596.000000
44,8.590709,6.561213,0.358098,-4.201179,89.000000
45,7.680883,1.139656,0.046919,-5.638332,677.000000
45,15.713052,2.483137,-0.047139,-13.807964,840.000000
45,10.644845,3.151873,0.256339,-7.705040,530.000000
45,7.287939,6.032614,0.507100,-6.578825,-101.000000
45,8.002988,1.233679,0.300979,-5.509787,-275.000000
45,5.442172,2.823189,0.036220,-4.201307,757.000000
45,9.268569,6.092467,0.315376,-6.984248,366.000000
45,11.243919,6.863135,0.843719,-11.535568,86.000000
45,9.541812,0.929465,0.571937,-7.845232,90.000000
45,8.579018,6.309288,0.403728,-4.516780,165.000000
46,7.668063,1.139373,-0.009821,-5.985938,741.000000
46,15.713103,2.483147,-0.039410,-13.932666,840.000000
46,10.908596,3.246263,-0.252681,-8.421202,668.000000
46,8.160549,6.809543,-0.014756,-7.237220,728.000000
46,8.275418,1.279818,-0.275992,-5.827153,467.000000
46,6.247656,3.222855,0.246531,-5.089541,276.000000
46,9.770130,6.749465,0.022395,-7.362582,437.000000
46,13.236413,8.719104,0.203975,-12.265604,737.000000
46,10.229753,1.008233,-0.021585,-8.182599,639.000000
46,9.308375,7.269311,0.124812,-4.911913,878.000000
47,7.501950,1.113857,0.155119,-5.572515,729.000000
47,15.712819,2.483099,-0.042354,-13.730444,840.000000
47,10.001950,2.963112,0.786467,-7.215304,-63.000000
47,6.738323,5.536329,0.835439,-6.418771,16.000000
47,7.718198,1.188892,0.313308,-5.268508,-82.000000
47,5.350847,2.776061,0.253073,-4.093667,768.000000
47,9.126107,6.030349,0.306743,-6.859866,-133.000000
47,10.921582,6.660800,0.772235,-11.063091,-75.000000
47,9.071167,0.881842,0.497588,-7.363911,534.000000
47,8.045592,6.054301,0.478323,-4.118167,62.000000
48,7.926613,1.177367,-0.124802,-5.966564,705.000000
48,15.713247,2.483171,-0.041777,-13.985567,840.000000
48,11.330115,3.365993,-0.302719,-8.634310,531.000000
48,8.353714,6.929335,0.405571,-7.473195,-84.000000
48,8.508394,1.314598,0.241728,-5.908528,31.000000
48,6.324415,3.240634,0.627261,-5.397279,-187.000000
48,9.908121,6.758399,0.262101,-7.453612,36.000000
48,13.190512,8.479862,0.460318,-12.048403,538.000000
48,10.553574,1.038977,0.263596,-8.322161,425.000000
48,9.621687,7.334760,0.191018,-5.022076,675.000000
49,7.675485,1.139959,0.060586,-5.845910,719.000000
49,15.713125,2.483150,-0.043257,-13.884805,840.000000
49,10.955703,3.253264,-0.114320,-8.206868,641.000000
49,7.903955,6.555628,0.486757,-7.091895,-27.000000
49,8.254500,1.275409,0.124455,-5.712263,606.000000
49,5.837466,3.002460,0.648687,-4.794960,-171.000000
49,9.659378,6.562278,0.214307,-7.223033,555.000000
49,12.808681,8.189850,0.489741,-11.907000,522.000000
49,10.184152,1.000787,0.243077,-8.078991,495.000000
49,9.243448,7.046122,0.207106,-4.700011,716.000000
50,7.954953,1.181441,-0.098579,-5.897420,683.000000
50,15.713224,2.483167,-0.042641,-13.957679,840.000000
50,11.354439,3.367045,-0.141831,-8.532875,465.000000
50,8.215306,6.810465,0.389156,-7.338708,-99.000000
50,8.452290,1.305300,0.355343,-5.904425,-166.000000
50,6.008193,3.085314,0.603679,-5.171046,-300.000000
50,9.799388,6.640819,0.294775,-7.395329,-187.000000
50,12.835202,8.132972,0.570397,-11.986529,273.000000
50,10.450758,1.027386,0.408972,-8.280207,313.000000
50,9.492010,7.146795,0.272567,-4.966432,561.000000
51,7.487828,1.106002,0.233663,-5.140396,637.000000
51,15.712928,2.483116,-0.061271,-13.683187,840.000000
51,9.778445,2.895052,0.815446,-6.977050,-190.000000
51,6.097952,4.924868,0.885201,-6.028628,18.000000
51,7.059169,1.064831,0.623575,-5.279415,-319.000000
51,5.400254,2.800055,0.516404,-3.929646,742.000000
51,7.857976,4.555712,0.601815,-6.766292,-156.000000
51,7.523443,5.234344,0.345676,-5.614775,-42.000000
51,6.273736,0.596995,0.989394,-7.424786,-240.000000
51,5.519326,3.932685,0.823661,-3.783043,-15.000000
52,7.534642,1.117333,0.180583,-5.468993,702.000000
52,15.712941,2.483118,-0.051705,-13.724031,840.000000
52,10.037437,2.970005,0.775305,-7.305555,-116.000000
52,6.739903,5.510563,0.813453,-6.442656,7.000000
52,7.651606,1.174532,0.410697,-5.330944,-131.000000
52,5.389705,2.795244,0.361417,-4.045878,760.000000
52,8.911534,5.674397,0.390921,-6.881656,-189.000000
52,10.051587,6.084955,0.900091,-11.128570,-75.000000
52,8.710376,0.839221,0.645908,-7.525517,-240.000000
52,7.640358,5.610429,0.547566,-4.153138,-15.000000
53,7.477145,1.110651,0.218509,-5.575810,740.000000
53,15.712709,2.483081,-0.037568,-13.714044,840.000000
53,9.967492,2.949136,0.872617,-7.445886,-55.000000
53,6.721460,5.507436,0.869632,-6.494920,25.000000
53,7.735131,1.192267,0.343926,-5.290995,-43.000000
53,5.324469,2.762580,0.261291,-4.070705,771.000000
53,9.163244,6.106675,0.317035,-6.903099,-102.000000
53,11.049301,6.753825,0.781020,-11.332431,19.000000
53,9.072600,0.881920,0.514859,-7.467497,-49.000000
53,8.000235,6.044691,0.550315,-4.308035,148.000000
54,7.742853,1.148655,0.015374,-5.630116,655.000000
54,15.713075,2.483141,-0.047374,-13.818943,840.000000
54,10.766499,3.183894,0.284630,-7.791604,482.000000
54,7.415851,6.134605,0.484487,-6.689440,-96.000000
54,8.036417,1.238544,0.322341,-5.567075,-330.000000
54,5.466595,2.835884,-0.002025,-4.209562,755.000000
54,9.258880,6.061221,0.342232,-7.003598,23.000000
54,11.020794,6.717981,0.878924,-11.563814,-51.000000
54,9.527394,0.928059,0.636980,-7.982552,19.000000
54,8.531275,6.215573,0.443855,-4.686019,153.000000
55,7.817010,1.160461,-0.012507,-5.820303,683.000000
55,15.713163,2.483157,-0.043629,-13.907221,840.000000
55,11.168310,3.310283,-0.049523,-8.273762,464.000000
55,7.943491,6.587135,0.394786,-7.097395,-91.000000
55,8.319430,1.284523,0.327559,-5.774260,-191.000000
55,5.724167,2.952229,0.434436,-4.770856,-300.000000
55,9.646034,6.496734,0.285717,-7.263279,-245.000000
55,12.470337,7.825180,0.642211,-11.869765,257.000000
55,10.240571,1.004906,0.446309,-8.161417,286.000000
55,9.263244,6.930388,0.306059,-4.818298,286.000000
56,7.640539,1.135014,0.044969,-5.878517,730.000000
56,15.713099,2.483146,-0.041978,-13.886747,840.000000
56,10.890885,3.237248,-0.179768,-8.236143,659.000000
56,7.923951,6.581852,0.431784,-7.090228,24.000000
56,8.230860,1.272221,-0.023731,-5.721295,635.000000
56,5.907270,3.041098,0.606177,-4.734672,-89.000000
56,9.673147,6.609183,0.151442,-7.242946,601.000000
56,12.922449,8.356433,0.389668,-12.004943,618.000000
56,10.159140,0.999358,0.147370,-8.084618,563.000000
56,9.223457,7.094581,0.173715,-4.716752,783.000000
57,7.599168,1.128219,0.099568,-5.683205,716.000000
57,15.713016,2.483131,-0.046191,-13.795181,840.000000
57,10.497970,3.112080,0.313704,-7.644496,604.000000
57,7.250441,5.991974,0.622822,-6.664174,-101.000000
57,7.978860,1.231147,0.267829,-5.485657,582.000000
57,5.430130,2.816148,0.150848,-4.206486,765.000000
57,9.353632,6.233104,0.277415,-7.005513,515.000000
57,11.823474,7.360354,0.681959,-11.413031,449.000000
57,9.627536,0.940517,0.424114,-7.728749,448.000000
57,8.696713,6.547528,0.323024,-4.202047,150.000000
58,7.937461,1.178914,-0.144518,-5.940345,696.000000
58,15.713234,2.483169,-0.041853,-13.976772,840.000000
58,11.343583,3.368241,-0.263093,-8.605067,504.000000
58,8.290586,6.877083,0.380730,-7.401245,-95.000000
58,8.489774,1.311484,0.301794,-5.905898,31.000000
58,6.185760,3.171862,0.630646,-5.297389,-254.000000
58,9.867336,6.714085,0.281799,-7.425287,-57.000000
58,13.054643,8.345597,0.504158,-12.003943,279.000000
58,10.521268,1.035269,0.324535,-8.309727,381.000000
58,9.580750,7.266806,0.223754,-5.004468,627.000000
59,7.720037,1.145332,0.056868,-5.629596,666.000000
59,15.713072,2.483141,-0.047998,-13.811025,840.000000
59,10.711226,3.168494,0.302710,-7.734701,507.000000
59,7.399005,6.114144,0.539334,-6.714826,-95.000000
59,8.026686,1.236963,0.328464,-5.575014,-330.000000
59,5.464158,2.834197,0.066561,-4.200933,755.000000
59,9.263902,6.067768,0.333836,-7.002065,-315.000000
59,11.107623,6.764555,0.871231,-11.585782,23.000000
59,9.527185,0.927597,0.617015,-7.936861,52.000000
59,8.553031,6.253908,0.430220,-4.629704,157.000000
60,7.938009,1.179065,-0.181584,-6.075734,719.000000
60,15.713307,2.483181,-0.040410,-14.048811,840.000000
60,11.367813,3.383152,-0.440272,-8.868275,581.000000
60,8.614670,7.159141,0.252263,-7.690914,34.000000
60,8.600674,1.329497,-0.015819,-6.045149,297.000000
60,6.788481,3.480528,0.534675,-5.707328,-46.000000
60,10.045447,6.907362,0.159707,-7.541983,251.000000
60,13.555578,8.854602,0.311348,-12.332069,710.000000
60,10.672381,1.052216,0.057543,-8.430109,534.000000
60,9.770628,7.557818,0.088008,-5.158555,764.000000
61,7.597020,1.127532,0.095735,-5.633843,706.000000
61,15.713004,2.483129,-0.047202,-13.781074,840.000000
61,10.395587,3.080339,0.417916,-7.438095,571.000000
61,7.063322,5.837467,0.635888,-6.444638,-95.000000
61,7.906863,1.219021,0.294495,-5.431509,545.000000
61,5.405942,2.804292,0.142049,-4.173494,763.000000
61,9.246467,6.100965,0.301600,-6.947981,470.000000
61,11.366170,6.973412,0.771573,-11.330324,279.000000
61,9.431281,0.918507,0.489166,-7.660662,381.000000
61,8.503459,6.346312,0.361816,-4.194462,159.000000
62,7.495105,1.109640,0.210542,-5.295097,683.000000
62,15.712922,2.483115,-0.056255,-13.696449,840.000000
62,9.835220,2.914109,0.774451,-6.945101,-174.000000
62,6.302875,5.112398,0.845921,-6.035560,-111.000000
62,7.387695,1.125730,0.499630,-5.269696,-177.000000
62,5.384555,2.792395,0.436366,-3.971117,752.000000
62,8.442821,5.137800,0.490113,-6.807156,-245.000000
62,8.633520,5.531119,0.830382,-10.796517,-75.000000
62,7.681186,0.730020,0.810296,-7.406954,-240.000000
62,6.666658,4.765877,0.665544,-3.940144,-15.000000
63,7.899469,1.173367,-0.145503,-6.068568,724.000000
63,15.713290,2.483178,-0.040414,-14.036091,840.000000
63,11.308881,3.365428,-0.411317,-8.810595,598.000000
63,8.564680,7.123415,0.184432,-7.626005,37.000000
63,8.562380,1.323706,-0.095683,-6.023591,332.000000
63,6.755336,3.466239,0.502885,-5.631124,-42.000000
63,10.016097,6.895166,0.123161,-7.528928,277.000000
63,13.545793,8.861784,0.293394,-12.323132,713.000000
63,10.625826,1.047626,0.020941,-8.402424,559.000000
63,9.721548,7.532539,0.079391,-5.130209,785.000000
64,8.099553,1.203271,-0.194001,-5.973227,682.000000
64,15.713289,2.483178,-0.041857,-14.012502,840.000000
64,11.549944,3.425949,-0.208763,-8.790802,461.000000
64,8.470173,7.017288,0.409481,-7.593219,-104.000000
64,8.578660,1.324884,0.388266,-6.045162,-175.000000
64,6.296386,3.226046,0.642101,-5.495331,-300.000000
64,9.929656,6.754851,0.304014,-7.514161,-199.000000
64,13.118681,8.376033,0.511397,-12.089565,273.000000
64,10.619554,1.045262,0.395040,-8.393156,319.000000
64,9.682785,7.325755,0.252559,-5.099116,573.000000
65,7.739221,1.149727,-0.120741,-6.131928,745.000000
65,15.713206,2.483165,-0.038051,-14.031637,840.000000
65,11.017045,3.283825,-0.397710,-8.798586,668.000000
65,8.474058,7.108636,-0.499203,-7.805928,474.000000
65,8.398363,1.299173,-0.502689,-6.086218,521.000000
65,6.727051,3.476359,-0.086956,-5.748099,391.000000
65,9.909670,6.904000,-0.147723,-7.592126,501.000000
65,13.545579,9.058159,-0.006576,-12.575506,837.000000
65,10.376624,1.023707,-0.258625,-8.352904,679.000000
65,9.483654,7.484275,0.015841,-5.179164,913.000000
66,7.900950,1.173520,-0.143731,-5.975080,709.000000
66,15.713239,2.483170,-0.041389,-13.987547,840.000000
66,11.297014,3.357895,-0.342748,-8.634258,540.000000
66,8.341846,6.924338,0.372445,-7.440682,-26.000000
66,8.499091,1.313324,0.181524,-5.908342,582.000000
66,6.346592,3.253012,0.618238,-5.376282,-157.000000
66,9.909812,6.768851,0.241564,-7.442564,36.000000
66,13.225529,8.523752,0.436896,-12.071053,549.000000
66,10.546056,1.038418,0.217945,-8.321541,454.000000
66,9.619287,7.350972,0.169290,-5.022128,694.000000
