6.666666666666667407e-01 1.000000000000000000e+00 2.300000000000000266e+00 8.889999999999998792e+00 8.900000000000000355e+00 1.200000000000000178e+00 4.499999999999999556e-01
6.666666666666667407e-01 1.000000000000000000e+00 7.799999999999999822e+00 8.889999999999998792e+00 8.900000000000000355e+00 1.200000000000000178e+00 4.499999999999999556e-01
6.666666666666667407e-01 1.000000000000000000e+00 7.799999999999999822e+00 3.339999999999999858e+00 8.900000000000000355e+00 1.200000000000000178e+00 4.499999999999999556e-01
6.666666666666667407e-01 1.000000000000000000e+00 7.799999999999999822e+00 3.339999999999999858e+00 8.900000000000000355e+00 1.200000000000000178e+00 1.000000000000000000e+00
6.666666666666667407e-01 1.000000000000000000e+00 7.799999999999999822e+00 3.339999999999999858e+00 3.399999999999999911e+00 1.200000000000000178e+00 1.000000000000000000e+00
1.111111111111111049e-01 1.000000000000000000e+00 7.799999999999999822e+00 3.339999999999999858e+00 3.399999999999999911e+00 1.200000000000000178e+00 1.000000000000000000e+00
1.111111111111111049e-01 1.000000000000000000e+00 7.799999999999999822e+00 3.339999999999999858e+00 3.399999999999999911e+00 6.700000000000000178e+00 1.000000000000000000e+00
1.111111111111111049e-01 4.444444444444444198e-01 7.799999999999999822e+00 3.339999999999999858e+00 3.399999999999999911e+00 6.700000000000000178e+00 1.000000000000000000e+00
6.666666666666667407e-01 1.000000000000000000e+00 4.500000000000000000e+00 4.449999999999999289e+00 8.900000000000000355e+00 8.900000000000000355e+00 3.399999999999999689e-01
1.111111111111111049e-01 1.000000000000000000e+00 4.500000000000000000e+00 4.449999999999999289e+00 8.900000000000000355e+00 8.900000000000000355e+00 3.399999999999999689e-01
1.111111111111111049e-01 1.000000000000000000e+00 4.500000000000000000e+00 4.449999999999999289e+00 8.900000000000000355e+00 8.900000000000000355e+00 8.899999999999999023e-01
1.111111111111111049e-01 4.444444444444444198e-01 4.500000000000000000e+00 4.449999999999999289e+00 8.900000000000000355e+00 8.900000000000000355e+00 8.899999999999999023e-01
1.111111111111111049e-01 4.444444444444444198e-01 4.500000000000000000e+00 1.000000000000000000e+01 8.900000000000000355e+00 8.900000000000000355e+00 8.899999999999999023e-01
1.111111111111111049e-01 4.444444444444444198e-01 1.000000000000000000e+01 1.000000000000000000e+01 8.900000000000000355e+00 8.900000000000000355e+00 8.899999999999999023e-01
1.111111111111111049e-01 4.444444444444444198e-01 1.000000000000000000e+01 1.000000000000000000e+01 3.399999999999999911e+00 8.900000000000000355e+00 8.899999999999999023e-01
1.111111111111111049e-01 4.444444444444444198e-01 1.000000000000000000e+01 1.000000000000000000e+01 3.399999999999999911e+00 3.399999999999999911e+00 8.899999999999999023e-01
8.888888888888888395e-01 0.000000000000000000e+00 1.000000000000000056e-01 6.670000000000000817e+00 1.000000000000000056e-01 8.900000000000000355e+00 3.399999999999999689e-01
8.888888888888888395e-01 0.000000000000000000e+00 5.599999999999999645e+00 6.670000000000000817e+00 1.000000000000000056e-01 8.900000000000000355e+00 3.399999999999999689e-01
8.888888888888888395e-01 0.000000000000000000e+00 5.599999999999999645e+00 6.670000000000000817e+00 1.000000000000000056e-01 8.900000000000000355e+00 8.899999999999999023e-01
8.888888888888888395e-01 0.000000000000000000e+00 5.599999999999999645e+00 6.670000000000000817e+00 5.599999999999999645e+00 8.900000000000000355e+00 8.899999999999999023e-01
8.888888888888888395e-01 0.000000000000000000e+00 5.599999999999999645e+00 6.670000000000000817e+00 5.599999999999999645e+00 3.399999999999999911e+00 8.899999999999999023e-01
3.333333333333333148e-01 0.000000000000000000e+00 5.599999999999999645e+00 6.670000000000000817e+00 5.599999999999999645e+00 3.399999999999999911e+00 8.899999999999999023e-01
3.333333333333333148e-01 5.555555555555555802e-01 5.599999999999999645e+00 6.670000000000000817e+00 5.599999999999999645e+00 3.399999999999999911e+00 8.899999999999999023e-01
3.333333333333333148e-01 5.555555555555555802e-01 5.599999999999999645e+00 1.119999999999999885e+00 5.599999999999999645e+00 3.399999999999999911e+00 8.899999999999999023e-01
2.222222222222222099e-01 7.777777777777777901e-01 1.200000000000000178e+00 6.670000000000000817e+00 7.799999999999999822e+00 4.500000000000000000e+00 3.399999999999999689e-01
7.777777777777777901e-01 7.777777777777777901e-01 1.200000000000000178e+00 6.670000000000000817e+00 7.799999999999999822e+00 4.500000000000000000e+00 3.399999999999999689e-01
7.777777777777777901e-01 7.777777777777777901e-01 6.700000000000000178e+00 6.670000000000000817e+00 7.799999999999999822e+00 4.500000000000000000e+00 3.399999999999999689e-01
7.777777777777777901e-01 7.777777777777777901e-01 6.700000000000000178e+00 6.670000000000000817e+00 7.799999999999999822e+00 4.500000000000000000e+00 8.899999999999999023e-01
7.777777777777777901e-01 2.222222222222222099e-01 6.700000000000000178e+00 6.670000000000000817e+00 7.799999999999999822e+00 4.500000000000000000e+00 8.899999999999999023e-01
7.777777777777777901e-01 2.222222222222222099e-01 6.700000000000000178e+00 6.670000000000000817e+00 7.799999999999999822e+00 1.000000000000000000e+01 8.899999999999999023e-01
7.777777777777777901e-01 2.222222222222222099e-01 6.700000000000000178e+00 6.670000000000000817e+00 2.300000000000000266e+00 1.000000000000000000e+01 8.899999999999999023e-01
7.777777777777777901e-01 2.222222222222222099e-01 6.700000000000000178e+00 1.119999999999999885e+00 2.300000000000000266e+00 1.000000000000000000e+01 8.899999999999999023e-01
3.333333333333333148e-01 8.888888888888888395e-01 6.700000000000000178e+00 8.889999999999998792e+00 5.599999999999999645e+00 4.500000000000000000e+00 1.199999999999999817e-01
3.333333333333333148e-01 3.333333333333333148e-01 6.700000000000000178e+00 8.889999999999998792e+00 5.599999999999999645e+00 4.500000000000000000e+00 1.199999999999999817e-01
8.888888888888888395e-01 3.333333333333333148e-01 6.700000000000000178e+00 8.889999999999998792e+00 5.599999999999999645e+00 4.500000000000000000e+00 1.199999999999999817e-01
8.888888888888888395e-01 3.333333333333333148e-01 6.700000000000000178e+00 8.889999999999998792e+00 1.000000000000000056e-01 4.500000000000000000e+00 1.199999999999999817e-01
8.888888888888888395e-01 3.333333333333333148e-01 1.200000000000000178e+00 8.889999999999998792e+00 1.000000000000000056e-01 4.500000000000000000e+00 1.199999999999999817e-01
8.888888888888888395e-01 3.333333333333333148e-01 1.200000000000000178e+00 8.889999999999998792e+00 1.000000000000000056e-01 4.500000000000000000e+00 6.700000000000000400e-01
8.888888888888888395e-01 3.333333333333333148e-01 1.200000000000000178e+00 8.889999999999998792e+00 1.000000000000000056e-01 1.000000000000000000e+01 6.700000000000000400e-01
8.888888888888888395e-01 3.333333333333333148e-01 1.200000000000000178e+00 3.339999999999999858e+00 1.000000000000000056e-01 1.000000000000000000e+01 6.700000000000000400e-01
0.000000000000000000e+00 6.666666666666667407e-01 4.500000000000000000e+00 5.560000000000000497e+00 1.000000000000000056e-01 7.799999999999999822e+00 8.899999999999999023e-01
0.000000000000000000e+00 1.111111111111111049e-01 4.500000000000000000e+00 5.560000000000000497e+00 1.000000000000000056e-01 7.799999999999999822e+00 8.899999999999999023e-01
0.000000000000000000e+00 1.111111111111111049e-01 4.500000000000000000e+00 5.560000000000000497e+00 1.000000000000000056e-01 7.799999999999999822e+00 3.399999999999999689e-01
0.000000000000000000e+00 1.111111111111111049e-01 4.500000000000000000e+00 1.000000000000000021e-02 1.000000000000000056e-01 7.799999999999999822e+00 3.399999999999999689e-01
0.000000000000000000e+00 1.111111111111111049e-01 1.000000000000000000e+01 1.000000000000000021e-02 1.000000000000000056e-01 7.799999999999999822e+00 3.399999999999999689e-01
0.000000000000000000e+00 1.111111111111111049e-01 1.000000000000000000e+01 1.000000000000000021e-02 5.599999999999999645e+00 7.799999999999999822e+00 3.399999999999999689e-01
5.555555555555555802e-01 1.111111111111111049e-01 1.000000000000000000e+01 1.000000000000000021e-02 5.599999999999999645e+00 7.799999999999999822e+00 3.399999999999999689e-01
5.555555555555555802e-01 1.111111111111111049e-01 1.000000000000000000e+01 1.000000000000000021e-02 5.599999999999999645e+00 2.300000000000000266e+00 3.399999999999999689e-01
1.111111111111111049e-01 7.777777777777777901e-01 5.599999999999999645e+00 1.000000000000000021e-02 8.900000000000000355e+00 1.000000000000000056e-01 1.000000000000000000e+00
1.111111111111111049e-01 7.777777777777777901e-01 5.599999999999999645e+00 1.000000000000000021e-02 8.900000000000000355e+00 5.599999999999999645e+00 1.000000000000000000e+00
1.111111111111111049e-01 7.777777777777777901e-01 5.599999999999999645e+00 1.000000000000000021e-02 8.900000000000000355e+00 5.599999999999999645e+00 4.499999999999999556e-01
6.666666666666667407e-01 7.777777777777777901e-01 5.599999999999999645e+00 1.000000000000000021e-02 8.900000000000000355e+00 5.599999999999999645e+00 4.499999999999999556e-01
6.666666666666667407e-01 2.222222222222222099e-01 5.599999999999999645e+00 1.000000000000000021e-02 8.900000000000000355e+00 5.599999999999999645e+00 4.499999999999999556e-01
6.666666666666667407e-01 2.222222222222222099e-01 5.599999999999999645e+00 5.560000000000000497e+00 8.900000000000000355e+00 5.599999999999999645e+00 4.499999999999999556e-01
6.666666666666667407e-01 2.222222222222222099e-01 5.599999999999999645e+00 5.560000000000000497e+00 3.399999999999999911e+00 5.599999999999999645e+00 4.499999999999999556e-01
6.666666666666667407e-01 2.222222222222222099e-01 1.000000000000000056e-01 5.560000000000000497e+00 3.399999999999999911e+00 5.599999999999999645e+00 4.499999999999999556e-01
6.666666666666667407e-01 6.666666666666667407e-01 2.300000000000000266e+00 4.449999999999999289e+00 1.000000000000000056e-01 8.900000000000000355e+00 3.399999999999999689e-01
6.666666666666667407e-01 6.666666666666667407e-01 2.300000000000000266e+00 1.000000000000000000e+01 1.000000000000000056e-01 8.900000000000000355e+00 3.399999999999999689e-01
1.111111111111111049e-01 6.666666666666667407e-01 2.300000000000000266e+00 1.000000000000000000e+01 1.000000000000000056e-01 8.900000000000000355e+00 3.399999999999999689e-01
1.111111111111111049e-01 1.111111111111111049e-01 2.300000000000000266e+00 1.000000000000000000e+01 1.000000000000000056e-01 8.900000000000000355e+00 3.399999999999999689e-01
1.111111111111111049e-01 1.111111111111111049e-01 7.799999999999999822e+00 1.000000000000000000e+01 1.000000000000000056e-01 8.900000000000000355e+00 3.399999999999999689e-01
1.111111111111111049e-01 1.111111111111111049e-01 7.799999999999999822e+00 1.000000000000000000e+01 1.000000000000000056e-01 3.399999999999999911e+00 3.399999999999999689e-01
1.111111111111111049e-01 1.111111111111111049e-01 7.799999999999999822e+00 1.000000000000000000e+01 5.599999999999999645e+00 3.399999999999999911e+00 3.399999999999999689e-01
1.111111111111111049e-01 1.111111111111111049e-01 7.799999999999999822e+00 1.000000000000000000e+01 5.599999999999999645e+00 3.399999999999999911e+00 8.899999999999999023e-01
1.000000000000000000e+00 1.111111111111111049e-01 6.700000000000000178e+00 3.339999999999999858e+00 2.300000000000000266e+00 5.599999999999999645e+00 1.000000000000000000e+00
1.000000000000000000e+00 6.666666666666667407e-01 6.700000000000000178e+00 3.339999999999999858e+00 2.300000000000000266e+00 5.599999999999999645e+00 1.000000000000000000e+00
4.444444444444444198e-01 6.666666666666667407e-01 6.700000000000000178e+00 3.339999999999999858e+00 2.300000000000000266e+00 5.599999999999999645e+00 1.000000000000000000e+00
4.444444444444444198e-01 6.666666666666667407e-01 6.700000000000000178e+00 3.339999999999999858e+00 2.300000000000000266e+00 5.599999999999999645e+00 4.499999999999999556e-01
4.444444444444444198e-01 6.666666666666667407e-01 1.200000000000000178e+00 3.339999999999999858e+00 2.300000000000000266e+00 5.599999999999999645e+00 4.499999999999999556e-01
4.444444444444444198e-01 6.666666666666667407e-01 1.200000000000000178e+00 3.339999999999999858e+00 2.300000000000000266e+00 1.000000000000000056e-01 4.499999999999999556e-01
4.444444444444444198e-01 6.666666666666667407e-01 1.200000000000000178e+00 3.339999999999999858e+00 7.799999999999999822e+00 1.000000000000000056e-01 4.499999999999999556e-01
4.444444444444444198e-01 6.666666666666667407e-01 1.200000000000000178e+00 8.889999999999998792e+00 7.799999999999999822e+00 1.000000000000000056e-01 4.499999999999999556e-01
6.666666666666667407e-01 8.888888888888888395e-01 3.399999999999999911e+00 8.889999999999998792e+00 7.799999999999999822e+00 1.200000000000000178e+00 5.600000000000000533e-01
1.111111111111111049e-01 8.888888888888888395e-01 3.399999999999999911e+00 8.889999999999998792e+00 7.799999999999999822e+00 1.200000000000000178e+00 5.600000000000000533e-01
1.111111111111111049e-01 8.888888888888888395e-01 3.399999999999999911e+00 8.889999999999998792e+00 7.799999999999999822e+00 1.200000000000000178e+00 1.000000000000000021e-02
1.111111111111111049e-01 8.888888888888888395e-01 3.399999999999999911e+00 8.889999999999998792e+00 2.300000000000000266e+00 1.200000000000000178e+00 1.000000000000000021e-02
1.111111111111111049e-01 3.333333333333333148e-01 3.399999999999999911e+00 8.889999999999998792e+00 2.300000000000000266e+00 1.200000000000000178e+00 1.000000000000000021e-02
1.111111111111111049e-01 3.333333333333333148e-01 8.900000000000000355e+00 8.889999999999998792e+00 2.300000000000000266e+00 1.200000000000000178e+00 1.000000000000000021e-02
1.111111111111111049e-01 3.333333333333333148e-01 8.900000000000000355e+00 3.339999999999999858e+00 2.300000000000000266e+00 1.200000000000000178e+00 1.000000000000000021e-02
1.111111111111111049e-01 3.333333333333333148e-01 8.900000000000000355e+00 3.339999999999999858e+00 2.300000000000000266e+00 6.700000000000000178e+00 1.000000000000000021e-02
8.888888888888888395e-01 7.777777777777777901e-01 5.599999999999999645e+00 6.670000000000000817e+00 1.000000000000000056e-01 5.599999999999999645e+00 7.800000000000000266e-01
8.888888888888888395e-01 7.777777777777777901e-01 5.599999999999999645e+00 1.119999999999999885e+00 1.000000000000000056e-01 5.599999999999999645e+00 7.800000000000000266e-01
8.888888888888888395e-01 7.777777777777777901e-01 5.599999999999999645e+00 1.119999999999999885e+00 1.000000000000000056e-01 5.599999999999999645e+00 2.299999999999999822e-01
3.333333333333333148e-01 7.777777777777777901e-01 5.599999999999999645e+00 1.119999999999999885e+00 1.000000000000000056e-01 5.599999999999999645e+00 2.299999999999999822e-01
3.333333333333333148e-01 7.777777777777777901e-01 5.599999999999999645e+00 1.119999999999999885e+00 5.599999999999999645e+00 5.599999999999999645e+00 2.299999999999999822e-01
3.333333333333333148e-01 7.777777777777777901e-01 1.000000000000000056e-01 1.119999999999999885e+00 5.599999999999999645e+00 5.599999999999999645e+00 2.299999999999999822e-01
3.333333333333333148e-01 7.777777777777777901e-01 1.000000000000000056e-01 1.119999999999999885e+00 5.599999999999999645e+00 1.000000000000000056e-01 2.299999999999999822e-01
3.333333333333333148e-01 2.222222222222222099e-01 1.000000000000000056e-01 1.119999999999999885e+00 5.599999999999999645e+00 1.000000000000000056e-01 2.299999999999999822e-01
6.666666666666667407e-01 1.111111111111111049e-01 8.900000000000000355e+00 7.780000000000000249e+00 7.799999999999999822e+00 1.000000000000000056e-01 8.899999999999999023e-01
6.666666666666667407e-01 1.111111111111111049e-01 3.399999999999999911e+00 7.780000000000000249e+00 7.799999999999999822e+00 1.000000000000000056e-01 8.899999999999999023e-01
6.666666666666667407e-01 1.111111111111111049e-01 3.399999999999999911e+00 7.780000000000000249e+00 7.799999999999999822e+00 5.599999999999999645e+00 8.899999999999999023e-01
6.666666666666667407e-01 1.111111111111111049e-01 3.399999999999999911e+00 2.229999999999999538e+00 7.799999999999999822e+00 5.599999999999999645e+00 8.899999999999999023e-01
6.666666666666667407e-01 1.111111111111111049e-01 3.399999999999999911e+00 2.229999999999999538e+00 2.300000000000000266e+00 5.599999999999999645e+00 8.899999999999999023e-01
6.666666666666667407e-01 6.666666666666667407e-01 3.399999999999999911e+00 2.229999999999999538e+00 2.300000000000000266e+00 5.599999999999999645e+00 8.899999999999999023e-01
1.111111111111111049e-01 6.666666666666667407e-01 3.399999999999999911e+00 2.229999999999999538e+00 2.300000000000000266e+00 5.599999999999999645e+00 8.899999999999999023e-01
1.111111111111111049e-01 6.666666666666667407e-01 3.399999999999999911e+00 2.229999999999999538e+00 2.300000000000000266e+00 5.599999999999999645e+00 3.399999999999999689e-01
2.222222222222222099e-01 1.000000000000000000e+00 1.200000000000000178e+00 5.560000000000000497e+00 3.399999999999999911e+00 1.200000000000000178e+00 6.700000000000000400e-01
7.777777777777777901e-01 1.000000000000000000e+00 1.200000000000000178e+00 5.560000000000000497e+00 3.399999999999999911e+00 1.200000000000000178e+00 6.700000000000000400e-01
7.777777777777777901e-01 1.000000000000000000e+00 1.200000000000000178e+00 5.560000000000000497e+00 8.900000000000000355e+00 1.200000000000000178e+00 6.700000000000000400e-01
7.777777777777777901e-01 1.000000000000000000e+00 1.200000000000000178e+00 5.560000000000000497e+00 8.900000000000000355e+00 1.200000000000000178e+00 1.199999999999999817e-01
7.777777777777777901e-01 1.000000000000000000e+00 6.700000000000000178e+00 5.560000000000000497e+00 8.900000000000000355e+00 1.200000000000000178e+00 1.199999999999999817e-01
7.777777777777777901e-01 4.444444444444444198e-01 6.700000000000000178e+00 5.560000000000000497e+00 8.900000000000000355e+00 1.200000000000000178e+00 1.199999999999999817e-01
7.777777777777777901e-01 4.444444444444444198e-01 6.700000000000000178e+00 1.000000000000000021e-02 8.900000000000000355e+00 1.200000000000000178e+00 1.199999999999999817e-01
7.777777777777777901e-01 4.444444444444444198e-01 6.700000000000000178e+00 1.000000000000000021e-02 8.900000000000000355e+00 6.700000000000000178e+00 1.199999999999999817e-01
1.111111111111111049e-01 0.000000000000000000e+00 2.300000000000000266e+00 1.119999999999999885e+00 6.700000000000000178e+00 3.399999999999999911e+00 8.899999999999999023e-01
1.111111111111111049e-01 0.000000000000000000e+00 2.300000000000000266e+00 1.119999999999999885e+00 6.700000000000000178e+00 3.399999999999999911e+00 3.399999999999999689e-01
1.111111111111111049e-01 0.000000000000000000e+00 2.300000000000000266e+00 1.119999999999999885e+00 6.700000000000000178e+00 8.900000000000000355e+00 3.399999999999999689e-01
1.111111111111111049e-01 0.000000000000000000e+00 7.799999999999999822e+00 1.119999999999999885e+00 6.700000000000000178e+00 8.900000000000000355e+00 3.399999999999999689e-01
1.111111111111111049e-01 0.000000000000000000e+00 7.799999999999999822e+00 1.119999999999999885e+00 1.200000000000000178e+00 8.900000000000000355e+00 3.399999999999999689e-01
6.666666666666667407e-01 0.000000000000000000e+00 7.799999999999999822e+00 1.119999999999999885e+00 1.200000000000000178e+00 8.900000000000000355e+00 3.399999999999999689e-01
6.666666666666667407e-01 0.000000000000000000e+00 7.799999999999999822e+00 6.670000000000000817e+00 1.200000000000000178e+00 8.900000000000000355e+00 3.399999999999999689e-01
6.666666666666667407e-01 5.555555555555555802e-01 7.799999999999999822e+00 6.670000000000000817e+00 1.200000000000000178e+00 8.900000000000000355e+00 3.399999999999999689e-01
4.444444444444444198e-01 3.333333333333333148e-01 2.300000000000000266e+00 4.449999999999999289e+00 1.000000000000000000e+01 7.799999999999999822e+00 2.299999999999999822e-01
4.444444444444444198e-01 3.333333333333333148e-01 2.300000000000000266e+00 4.449999999999999289e+00 1.000000000000000000e+01 2.300000000000000266e+00 2.299999999999999822e-01
1.000000000000000000e+00 3.333333333333333148e-01 2.300000000000000266e+00 4.449999999999999289e+00 1.000000000000000000e+01 2.300000000000000266e+00 2.299999999999999822e-01
1.000000000000000000e+00 3.333333333333333148e-01 7.799999999999999822e+00 4.449999999999999289e+00 1.000000000000000000e+01 2.300000000000000266e+00 2.299999999999999822e-01
1.000000000000000000e+00 3.333333333333333148e-01 7.799999999999999822e+00 1.000000000000000000e+01 1.000000000000000000e+01 2.300000000000000266e+00 2.299999999999999822e-01
1.000000000000000000e+00 3.333333333333333148e-01 7.799999999999999822e+00 1.000000000000000000e+01 4.500000000000000000e+00 2.300000000000000266e+00 2.299999999999999822e-01
1.000000000000000000e+00 8.888888888888888395e-01 7.799999999999999822e+00 1.000000000000000000e+01 4.500000000000000000e+00 2.300000000000000266e+00 2.299999999999999822e-01
1.000000000000000000e+00 8.888888888888888395e-01 7.799999999999999822e+00 1.000000000000000000e+01 4.500000000000000000e+00 2.300000000000000266e+00 7.800000000000000266e-01
8.888888888888888395e-01 1.000000000000000000e+00 7.799999999999999822e+00 5.560000000000000497e+00 1.000000000000000056e-01 8.900000000000000355e+00 4.499999999999999556e-01
8.888888888888888395e-01 1.000000000000000000e+00 2.300000000000000266e+00 5.560000000000000497e+00 1.000000000000000056e-01 8.900000000000000355e+00 4.499999999999999556e-01
8.888888888888888395e-01 1.000000000000000000e+00 2.300000000000000266e+00 1.000000000000000021e-02 1.000000000000000056e-01 8.900000000000000355e+00 4.499999999999999556e-01
3.333333333333333148e-01 1.000000000000000000e+00 2.300000000000000266e+00 1.000000000000000021e-02 1.000000000000000056e-01 8.900000000000000355e+00 4.499999999999999556e-01
3.333333333333333148e-01 1.000000000000000000e+00 2.300000000000000266e+00 1.000000000000000021e-02 1.000000000000000056e-01 3.399999999999999911e+00 4.499999999999999556e-01
3.333333333333333148e-01 1.000000000000000000e+00 2.300000000000000266e+00 1.000000000000000021e-02 1.000000000000000056e-01 3.399999999999999911e+00 1.000000000000000000e+00
3.333333333333333148e-01 1.000000000000000000e+00 2.300000000000000266e+00 1.000000000000000021e-02 5.599999999999999645e+00 3.399999999999999911e+00 1.000000000000000000e+00
3.333333333333333148e-01 4.444444444444444198e-01 2.300000000000000266e+00 1.000000000000000021e-02 5.599999999999999645e+00 3.399999999999999911e+00 1.000000000000000000e+00
8.888888888888888395e-01 1.111111111111111049e-01 7.799999999999999822e+00 2.229999999999999538e+00 5.599999999999999645e+00 7.799999999999999822e+00 7.800000000000000266e-01
8.888888888888888395e-01 6.666666666666667407e-01 7.799999999999999822e+00 2.229999999999999538e+00 5.599999999999999645e+00 7.799999999999999822e+00 7.800000000000000266e-01
8.888888888888888395e-01 6.666666666666667407e-01 7.799999999999999822e+00 7.780000000000000249e+00 5.599999999999999645e+00 7.799999999999999822e+00 7.800000000000000266e-01
8.888888888888888395e-01 6.666666666666667407e-01 7.799999999999999822e+00 7.780000000000000249e+00 5.599999999999999645e+00 2.300000000000000266e+00 7.800000000000000266e-01
8.888888888888888395e-01 6.666666666666667407e-01 7.799999999999999822e+00 7.780000000000000249e+00 1.000000000000000056e-01 2.300000000000000266e+00 7.800000000000000266e-01
3.333333333333333148e-01 6.666666666666667407e-01 7.799999999999999822e+00 7.780000000000000249e+00 1.000000000000000056e-01 2.300000000000000266e+00 7.800000000000000266e-01
3.333333333333333148e-01 6.666666666666667407e-01 7.799999999999999822e+00 7.780000000000000249e+00 1.000000000000000056e-01 2.300000000000000266e+00 2.299999999999999822e-01
3.333333333333333148e-01 6.666666666666667407e-01 2.300000000000000266e+00 7.780000000000000249e+00 1.000000000000000056e-01 2.300000000000000266e+00 2.299999999999999822e-01
1.111111111111111049e-01 2.222222222222222099e-01 8.900000000000000355e+00 8.889999999999998792e+00 8.900000000000000355e+00 5.599999999999999645e+00 6.700000000000000400e-01
6.666666666666667407e-01 2.222222222222222099e-01 8.900000000000000355e+00 8.889999999999998792e+00 8.900000000000000355e+00 5.599999999999999645e+00 6.700000000000000400e-01
6.666666666666667407e-01 2.222222222222222099e-01 8.900000000000000355e+00 8.889999999999998792e+00 8.900000000000000355e+00 5.599999999999999645e+00 1.199999999999999817e-01
6.666666666666667407e-01 7.777777777777777901e-01 8.900000000000000355e+00 8.889999999999998792e+00 8.900000000000000355e+00 5.599999999999999645e+00 1.199999999999999817e-01
6.666666666666667407e-01 7.777777777777777901e-01 8.900000000000000355e+00 8.889999999999998792e+00 8.900000000000000355e+00 1.000000000000000056e-01 1.199999999999999817e-01
6.666666666666667407e-01 7.777777777777777901e-01 8.900000000000000355e+00 8.889999999999998792e+00 3.399999999999999911e+00 1.000000000000000056e-01 1.199999999999999817e-01
6.666666666666667407e-01 7.777777777777777901e-01 3.399999999999999911e+00 8.889999999999998792e+00 3.399999999999999911e+00 1.000000000000000056e-01 1.199999999999999817e-01
6.666666666666667407e-01 7.777777777777777901e-01 3.399999999999999911e+00 3.339999999999999858e+00 3.399999999999999911e+00 1.000000000000000056e-01 1.199999999999999817e-01
4.444444444444444198e-01 7.777777777777777901e-01 4.500000000000000000e+00 3.339999999999999858e+00 5.599999999999999645e+00 2.300000000000000266e+00 4.499999999999999556e-01
4.444444444444444198e-01 2.222222222222222099e-01 4.500000000000000000e+00 3.339999999999999858e+00 5.599999999999999645e+00 2.300000000000000266e+00 4.499999999999999556e-01
4.444444444444444198e-01 2.222222222222222099e-01 4.500000000000000000e+00 3.339999999999999858e+00 5.599999999999999645e+00 2.300000000000000266e+00 1.000000000000000000e+00
4.444444444444444198e-01 2.222222222222222099e-01 4.500000000000000000e+00 8.889999999999998792e+00 5.599999999999999645e+00 2.300000000000000266e+00 1.000000000000000000e+00
4.444444444444444198e-01 2.222222222222222099e-01 4.500000000000000000e+00 8.889999999999998792e+00 5.599999999999999645e+00 7.799999999999999822e+00 1.000000000000000000e+00
4.444444444444444198e-01 2.222222222222222099e-01 4.500000000000000000e+00 8.889999999999998792e+00 1.000000000000000056e-01 7.799999999999999822e+00 1.000000000000000000e+00
4.444444444444444198e-01 2.222222222222222099e-01 1.000000000000000000e+01 8.889999999999998792e+00 1.000000000000000056e-01 7.799999999999999822e+00 1.000000000000000000e+00
1.000000000000000000e+00 2.222222222222222099e-01 1.000000000000000000e+01 8.889999999999998792e+00 1.000000000000000056e-01 7.799999999999999822e+00 1.000000000000000000e+00
1.111111111111111049e-01 1.000000000000000000e+00 1.000000000000000000e+01 1.119999999999999885e+00 2.300000000000000266e+00 2.300000000000000266e+00 1.000000000000000000e+00
1.111111111111111049e-01 1.000000000000000000e+00 4.500000000000000000e+00 1.119999999999999885e+00 2.300000000000000266e+00 2.300000000000000266e+00 1.000000000000000000e+00
1.111111111111111049e-01 1.000000000000000000e+00 4.500000000000000000e+00 1.119999999999999885e+00 2.300000000000000266e+00 7.799999999999999822e+00 1.000000000000000000e+00
1.111111111111111049e-01 1.000000000000000000e+00 4.500000000000000000e+00 1.119999999999999885e+00 2.300000000000000266e+00 7.799999999999999822e+00 4.499999999999999556e-01
1.111111111111111049e-01 4.444444444444444198e-01 4.500000000000000000e+00 1.119999999999999885e+00 2.300000000000000266e+00 7.799999999999999822e+00 4.499999999999999556e-01
6.666666666666667407e-01 4.444444444444444198e-01 4.500000000000000000e+00 1.119999999999999885e+00 2.300000000000000266e+00 7.799999999999999822e+00 4.499999999999999556e-01
6.666666666666667407e-01 4.444444444444444198e-01 4.500000000000000000e+00 1.119999999999999885e+00 7.799999999999999822e+00 7.799999999999999822e+00 4.499999999999999556e-01
6.666666666666667407e-01 4.444444444444444198e-01 4.500000000000000000e+00 6.670000000000000817e+00 7.799999999999999822e+00 7.799999999999999822e+00 4.499999999999999556e-01
