2.308278604137105061e-01 2.726103381988986274e-01 2.918069771151754477e-01 2.328697433051460375e-02 8.228192622371972575e-01
2.654873167161996284e-01 7.747381345830568478e-01 3.981347973219849234e-01 1.482276242658832732e+00 4.585904759340904691e-01
2.104908138230013048e-01 1.796887204787059322e-01 4.161862761808997058e-01 9.409836897981971315e-01 6.991484390650843928e-01
2.894099738753884710e-01 3.586740532249896862e-01 2.696751137344633453e-01 3.734937634760375769e-01 8.351973718714678085e-01
2.089167459526741766e-01 3.954506498971328554e-01 1.092472868242033296e-01 1.564005546316349637e-01 9.208441036027008586e-01
2.241142599109614553e-01 6.507724655809635772e-01 4.854457646066699938e-01 1.140751866866559272e+00 4.321241619583960358e-01
1.495751500883908125e-01 2.417598464315758588e-01 2.170554768934487844e-01 1.151976926562659209e-01 2.027596941928448415e-01
2.899237513113828713e-01 7.529153228300966560e-01 1.655545026016602694e-01 1.528165031191705270e-01 9.595617683417299038e-01
1.293882211984781483e-01 9.415945187021191876e-01 4.664575767334606105e-01 9.269742499831276072e-01 5.944872344298421374e-02
3.024607966767010603e-01 2.923791127424926195e-01 6.252217025656581217e-02 1.373141088272150645e+00 9.400723189392191648e-01
4.948993896242322998e-01 6.619831771114984553e-01 1.127408993614964355e-01 1.068446108227840252e+00 8.954634392777077734e-01
1.099629024844631375e-01 4.474529506816523616e-01 2.857093656995068898e-01 8.750746907897574145e-01 9.918634148565835806e-01
2.334177344681788169e-01 7.100552621144280430e-01 4.428560326277856118e-01 3.862472158006813316e-01 8.332477736038288452e-01
4.798477979710405461e-01 1.942459960739697789e-01 2.255128294249146848e-01 1.387170859297689240e+00 9.166758868002652383e-01
4.602050641089031058e-01 5.914728189593607688e-01 4.791528038385783339e-01 4.413969844403605736e-01 9.804813197071389208e-01
1.795852779678735744e-01 7.495968257961588277e-01 1.029639977500364512e-01 4.983121570393299615e-01 7.915209405266421250e-01
1.751837227052841506e-01 4.869535142719638166e-01 1.497981163475168853e-01 6.162724467973965670e-01 3.750545468070456967e-02
1.912067887708272518e-01 1.284202139110937613e-01 1.061515978646419556e-01 1.018141497488664449e+00 7.597018248102384019e-01
2.727037584581780139e-01 1.888401160877015150e-02 8.574508276993081379e-02 4.569645187631324323e-03 7.550714438672129214e-01
1.216588117943061820e-01 3.285123707843476404e-01 2.590592701617032700e-01 1.364251674408590187e+00 4.718853972116017759e-01
4.268708662824989286e-01 5.185299149902836691e-01 2.822517898888123322e-01 7.376052856766591725e-01 1.057611470845435664e-01
2.927748839279794013e-01 4.292329220688204106e-01 3.257616130356437711e-01 1.457114637675044788e+00 2.515356242424325872e-01
2.366621913664982424e-01 9.196437606398879527e-01 3.071357866689590765e-01 1.398508837917177061e+00 2.734668694794463450e-02
4.468153472046323960e-01 5.394893776075763148e-01 2.399879954200276680e-02 7.887169721520966847e-01 4.341864708551042285e-02
1.859030637104096273e-01 7.057850095813021918e-01 4.279402420259114659e-01 5.378329822868365140e-01 8.639751103550562528e-01
4.574020962125373013e-01 8.131757228480687161e-01 2.122726201632490484e-01 6.095698760187504561e-01 2.619392869449630457e-01
2.004353406501591106e-01 9.485187969771691208e-01 3.949457281311493095e-01 8.405983428234826693e-01 1.810702960831103436e-01
1.383316925069591197e-01 3.490404485217736275e-01 6.063573518571258730e-02 7.868804277296778116e-01 6.319275404922372052e-01
2.210946973686129247e-01 8.895647660259390355e-01 2.051239628590473540e-01 6.915097165714521044e-01 8.871696887765716522e-01
3.608010043379208387e-01 9.105662846355577766e-01 3.066138319646589949e-02 1.383293485671561518e+00 5.070400840490479899e-01
3.348437915771308448e-01 2.971012700121292149e-02 3.847623858579759526e-01 2.131188382424831773e-01 3.467189015270745189e-01
4.036827781202441678e-01 5.528750977526003529e-01 3.827689836989478511e-01 6.377053582430407541e-01 8.451762013531632922e-01
3.145955774522177228e-01 3.658269544698937170e-01 1.325201305066093793e-01 1.339950782523479322e+00 7.498591243428994746e-01
2.981211055640920482e-01 9.052874626418810911e-01 4.730085108810961336e-01 2.863261746967006860e-01 4.178739837911351063e-01
1.557189363579189467e-01 4.359246208611251561e-01 4.527555316863989820e-01 7.570585185442741949e-01 7.265444147216437720e-01
4.842185183276808691e-01 9.237653234211528064e-01 1.260905257684097336e-01 1.247642769983090094e+00 8.925737255809926829e-01
4.315523208219501083e-01 4.231538552536893150e-01 4.881761635450314052e-01 1.059720872630462961e-02 7.746076544636218975e-01
2.835540689029334982e-01 9.591686364335513804e-02 1.208970192819290301e-01 5.067237687813644920e-01 4.119429663540548625e-01
3.303993607602038751e-01 7.852883647049315741e-01 1.899291611971062610e-01 2.710597558752434466e-01 2.743549178957895296e-01
1.433367417784754960e-01 5.547483705207894022e-01 4.011321300195577200e-01 8.093586866485024123e-01 4.489646676030880079e-01
2.375282346071639350e-01 4.420092779609782196e-01 2.649935005188640003e-01 6.319983916035044613e-01 7.129303583904031405e-02
4.457899066965533286e-01 8.564623329418492581e-01 1.519196886683948644e-01 9.111572178349029993e-01 4.430363821270839608e-01
4.520896489222434589e-01 6.696352176227657882e-01 4.639677608078894289e-01 1.006033564002211111e+00 1.717360240825758499e-01
2.942037759636226268e-01 9.999999999999998890e-01 2.830146905021796444e-01 1.048956437994713609e+00 7.280280239788371466e-01
2.063316517953372453e-01 8.350997221761752298e-02 2.716172665583483359e-01 4.782192114607337619e-01 9.749502040466276886e-01
2.453341469699976685e-01 6.708565928106918763e-01 1.880331767684399399e-03 5.910849125435312379e-01 5.670376764693537686e-01
3.700376650076430685e-01 1.550636998846210424e-01 3.730035272569842686e-01 1.336129026562948185e+00 1.615537958511754912e-01
1.678143206011459554e-01 9.262658943447807380e-02 1.909350072765186035e-01 3.638395818356160438e-02 1.627783939071042463e-01
4.229379636284255617e-01 6.219627560387990250e-01 3.149253080945090266e-01 1.441720684380827233e+00 6.283488391977000154e-01
3.221762892096957098e-01 3.409296468083165554e-01 4.566467576628583935e-01 8.682601682959631972e-01 3.936682035840921023e-01
3.950505863821549557e-01 8.545470299150773608e-01 3.600540863542884273e-01 9.572721221967838146e-01 3.290495361358602988e-01
1.205565853066176418e-01 8.231853540888087739e-01 1.872848573965640029e-01 8.938832105506867576e-01 9.080860637843587435e-01
1.614023438710841529e-01 2.622172294617727828e-01 4.119874914071446903e-01 1.230179500176634244e+00 5.953485468851300588e-01
1.514148406682015169e-01 2.320685008111524755e-02 4.157343053848137626e-01 1.233901102312884746e+00 2.991882293124997760e-01
2.563138396689476628e-01 9.811229555730280882e-01 1.774190327627687691e-01 9.683279648465253908e-01 1.979726459728335664e-01
3.445906233385856443e-01 7.945587288578729313e-01 2.041430783196321874e-01 2.279546484891557256e-01 1.422137730335011618e-01
3.241174248691695015e-01 2.369814700375114380e-01 3.100636464949457216e-01 1.311603628900084750e+00 8.525892971942388154e-01
2.325517081636009342e-01 2.779163999172251098e-01 3.782189238009126542e-01 2.788984574166539221e-01 5.511143678139145408e-01
4.141421954536999572e-01 7.222969386677443593e-01 2.676400825624635216e-01 8.548450254653712499e-02 6.012393952052168533e-01
2.483959119336506816e-01 8.164856685410594173e-01 4.973505488469371905e-01 7.428469023681150141e-01 5.380965811015020472e-01
4.861811432276215705e-01 4.913891643738944603e-01 3.381460779404281136e-01 2.914585716560488815e-01 7.720237297753757000e-01
2.184439370650154144e-01 3.354947504961476867e-01 4.446942248155451999e-02 4.778428675033306039e-01 9.229986280882977734e-02
1.338204141050002016e-01 3.716769887766702696e-01 5.265602528340198457e-02 1.096836034842686214e+00 8.020481710896611161e-02
4.734620637706899449e-01 4.274339649453076095e-01 3.675779622030961313e-01 1.425672494815100499e+00 2.102632637762747170e-01
4.498726887399787100e-01 9.764933001704441118e-01 4.903665289624698498e-01 7.102053276840211149e-01 9.132683056966829360e-01
4.690080845195273018e-01 1.623691456757516693e-01 3.165336306249070253e-01 1.135386699099957403e-01 2.206810204272078857e-01
4.249182515249266268e-01 5.767691359179384358e-01 2.089239343526314366e-02 5.386284865711880032e-01 2.319023595266450355e-01
4.388136229115115472e-01 4.980675700375046810e-01 3.752429636838828242e-01 3.179578731840607131e-01 9.973840865405515510e-01
2.575532072568221809e-01 9.405764965458668359e-01 1.361970278733173889e-01 3.903183539353362042e-01 3.193983382890752121e-01
4.506006344909494477e-01 7.007592076124261604e-01 1.998988905681809702e-01 1.057126809067236994e+00 5.237704103523554977e-01
1.116742540304730968e-01 8.290086440787139965e-01 4.228866288742332835e-01 1.451571425462207632e+00 7.791667721380903799e-01
4.060691454939835965e-01 8.071969257917027685e-02 2.383401772503618288e-01 1.147464792753200902e+00 1.848513004516385005e-01
1.538288253717081111e-01 9.607901737286632660e-01 4.103888521697343639e-01 1.114306355875550381e+00 7.365067695302046635e-01
3.596478572956081088e-01 2.548275439380006113e-01 4.778089741134893265e-01 1.263691465236223443e+00 3.497394066460310369e-01
1.461471582856825324e-01 3.630038758218864792e-02 3.311245930819464167e-01 1.192698016348840540e+00 9.284072546438913998e-01
4.014113097567118538e-01 7.584699790940491182e-01 3.213135838060771632e-01 1.422531003320758047e-01 2.860175257985864139e-01
1.391269527002450546e-01 1.763798745580790472e-01 3.897376255700644720e-01 4.060591660376392520e-01 8.553217251631941576e-01
3.435961002394559149e-01 6.447234721407377744e-01 2.985388187767117341e-01 7.042843109478629238e-01 7.678682801219163974e-03
1.084537469037562540e-01 5.487062862639892069e-01 2.606681345024206356e-02 1.318158131819024970e-01 8.836819578085963744e-01
2.737362932837316687e-01 4.463672275773467729e-02 3.288539563484913497e-01 2.140870972931385730e-01 6.713756156914573170e-01
3.010258334214676590e-01 1.505427716258164739e-01 3.620884003555592257e-01 1.269920879453675377e+00 1.884620418277757059e-01
3.887289972943920868e-01 4.014056731892953755e-01 2.248678662886903490e-01 1.216049046628822961e+00 2.715262793032081068e-01
4.093666287932098968e-01 5.707328024501577834e-01 4.134996644987627007e-02 6.250297175417721673e-01 4.926229159345971165e-01
4.831574897328345664e-01 1.653866325131949366e-01 3.511156543429655996e-01 3.653773315492967466e-01 6.420799624106661163e-01
4.908636395331373858e-01 7.618842923843099912e-01 2.496153705184905036e-01 9.540898235004403871e-02 9.875117780641240461e-02
1.990468223097580092e-01 3.320949332054430880e-01 7.355365464038919610e-02 9.067846452302176230e-01 4.876267380919675487e-01
3.742319847815307465e-01 4.702138609923128265e-01 2.532658729090131455e-01 8.205877805905640310e-01 3.872589952248252088e-01
3.084984496049034131e-01 0.000000000000000000e+00 5.769576327674364596e-02 3.591115528522317302e-01 9.304982860280257562e-01
4.345655077062471339e-01 8.393041452317460127e-01 3.466216479539226958e-01 1.303316313249207381e+00 4.687129207621686285e-03
3.556419992950844433e-01 2.812234788643123706e-01 9.144039939114219362e-02 1.030658560863738638e+00 5.287403699185538875e-01
3.509524805414638848e-01 6.261604014817629960e-01 6.769977205063540393e-02 1.202718222172151519e+00 5.782997878855139495e-01
1.352392004336812059e-01 7.315562911183509653e-01 1.543660576566455445e-01 2.357955829976331463e-01 3.327559445471163502e-02
2.154596863374465265e-01 5.013181811335594151e-01 5.190818793870162484e-02 7.183891778559556851e-01 2.171348788284557241e-01
1.579016827216103980e-01 1.090668194684091957e-01 3.418950275026606117e-02 2.564500597935263082e-01 9.346395161149867459e-01
1.034873758583649828e-01 5.622304334532796100e-01 4.245719591084711753e-01 5.220203524465358846e-01 6.375573127372573534e-01
2.774435897997880596e-01 4.758516477317099036e-01 3.046046741562853932e-01 4.309414931425068485e-01 5.326089357768275523e-01
4.288678499716506720e-01 7.986438808084035390e-01 4.332720151756909166e-01 5.824521888403725312e-01 4.506563051841511736e-01
3.536114470219346995e-01 8.704252696361326480e-01 1.440261258746088069e-01 1.715515484295132564e-01 1.508678705635930484e-01
2.254625624030064945e-01 4.810003883785748946e-01 3.129562079358442217e-01 4.218978942342230809e-01 6.642635036327149134e-01
4.172823480188928014e-01 4.172054145384100909e-01 7.589399291956092086e-02 9.987637528622891336e-01 8.056293690812571517e-01
4.882709517526314102e-01 8.614094014681493716e-01 2.503557735469617018e-01 4.906762841935622399e-01 5.161237712945370565e-02
3.873742490434108898e-01 6.172000900212749191e-02 4.914220390932549365e-01 2.460793575699055102e-01 6.589451165385432074e-02
2.015330240369983816e-01 7.722902127378665493e-02 3.550232230537446187e-01 1.069296464469573910e-01 3.571258512231987314e-01
3.157721415612308458e-01 3.482457562576880550e-01 2.753512151927316465e-01 3.527150791117878992e-01 6.251026539934432247e-01
4.708213913117252347e-01 3.804968659941458387e-01 4.545702937143813460e-01 5.565781798825338855e-01 1.823859661911655244e-02
3.960560794542414276e-01 9.923682995334097423e-02 1.768916131333482175e-02 7.641070973295401858e-01 1.749995701215666388e-01
2.230545268604958165e-01 9.284377778580740204e-01 2.337915258042823907e-01 1.318248798387952281e+00 4.282926892326282542e-01
4.644438420604994899e-01 9.517350747436609248e-01 1.051530556934141165e-02 9.502796827431650994e-01 1.169263754007036638e-01
2.761539954396634022e-01 2.069649781784773379e-01 3.501452993647143908e-01 1.023521280409220413e+00 2.276709713340186597e-02
3.370069444724280716e-01 5.873114077447358916e-01 4.055967865994208332e-01 5.661216852565041924e-01 1.388547080833164027e-01
1.879183293248674058e-01 2.977761315969284506e-01 1.604444542689413833e-01 6.500491422539333985e-01 9.103826822782441763e-02
2.409876235730925020e-01 6.743008775407691169e-02 3.350390692879578469e-01 3.405553282138861215e-01 3.388322340248351439e-01
1.286761439966888076e-01 3.934687293034725419e-01 1.553159860893597588e-01 4.371856866449578272e-01 1.122024905414630153e-01
4.776827918250994842e-01 3.109416550169990523e-01 3.575361286177430320e-01 1.783001296882951725e-01 3.122993024174703924e-01
1.819062502726940256e-01 4.963627800766017006e-02 4.831738258369761008e-02 5.733174128753774079e-01 5.442082425667649215e-01
2.289188996684816679e-01 3.586064935802957179e-03 1.452424430657885401e-01 8.176436240272672018e-01 4.035907835216771544e-01
3.287405126637508723e-01 8.325133182572596047e-01 1.244624773707973808e-01 1.400557333650800373e+00 6.937440344628866828e-01
1.161982699255540152e-01 2.498792412369636451e-01 4.738444466752109729e-01 4.002252165973769760e-01 4.835514574607938793e-02
1.664228824194951550e-01 8.101889255200014350e-01 1.974549256782244244e-01 7.724829177073754272e-01 3.173487648281932416e-01
3.668645247966267897e-01 9.703618955029951199e-01 8.318127453598501975e-02 1.352189903543555838e+00 7.086370460908505420e-01
4.127421015785718295e-01 2.222186335161058235e-01 3.782795914842274065e-01 5.942820172885445590e-02 2.238110499521221430e-01
2.962569155301564838e-01 9.726876354835339855e-01 1.162096229491582228e-01 1.484748281056520458e+00 6.733409125090457081e-01
3.101325446287067078e-01 7.408623788006429844e-01 1.105891462945192000e-01 8.842229274177925147e-01 5.889437727687832913e-01
2.116926070725896614e-01 3.059600834862210017e-01 3.859902635157880790e-01 6.053989987076383583e-01 2.634918920099186823e-01
3.476630820709024072e-01 8.044337197925972571e-01 2.424708968345871407e-01 3.105079746358058168e-01 7.139898552254735353e-01
4.926513054834423255e-01 7.692825736449155904e-01 2.295279181687217562e-01 9.890921052102846778e-01 8.632144112458676188e-01
3.465009300626888389e-01 6.369659042531505833e-01 4.826845361118065059e-01 1.099717652790431988e+00 1.257932243761241409e-01
4.413875805977231503e-01 3.746591855298131435e-01 1.193174690024059389e-02 8.597091828882280629e-01 6.564995573702553378e-01
3.180432264730214675e-01 9.602617168006850612e-01 2.178908823772426617e-01 4.390804132102538865e-02 9.571376194452063668e-01
2.525432787564432235e-01 8.483657211634686446e-01 8.118739890592567565e-02 6.652277821638268029e-02 7.472930935584991552e-01
1.189128140716681770e-01 2.160374100111801532e-01 3.250232520399013447e-01 8.930111784593677271e-01 2.446684731012116476e-01
1.709947847617858674e-01 2.884752407549643349e-01 2.094838323725536633e-01 1.122651557879634332e+00 5.607962569947102516e-01
3.936484452105082354e-01 5.209742044509197978e-01 4.408485125934989424e-01 7.883448715290107545e-02 8.001020712596111917e-01
3.846423670108046755e-01 1.228454232571382226e-01 1.286157592127473992e-01 6.799527916643278713e-01 5.144404699186200247e-01
4.117991959238755939e-01 9.348148715901609673e-01 2.889690359052863866e-01 7.256938426356670524e-01 1.071473149060926527e-01
1.958766702702279816e-01 9.899080610594269691e-01 5.553061154442585912e-02 1.177050428649488278e+00 2.826588952431181578e-01
3.774051147864070366e-01 3.158982351164771885e-01 2.006578536074619667e-01 9.781152061982141266e-01 6.895399801535785356e-01
4.215101939385452745e-01 4.511612003651312430e-01 5.000000000000000000e-01 5.975260732316783896e-01 8.232011419848430656e-01
1.725403632745060312e-01 6.780974130093294638e-01 2.562938503880554664e-01 2.401282574756892774e-01 8.410078418563653457e-01
4.660979933091304872e-01 2.117119819753731369e-01 4.384218303208656242e-01 1.134050099241662224e+00 4.782723136699793542e-01
3.066119903096851673e-01 5.051071906808283218e-01 1.818628222313057319e-01 3.240155804045123933e-01 0.000000000000000000e+00
2.855880648808342692e-01 7.376824119945523117e-01 2.730183800520506465e-01 4.111221048742114137e-01 8.330864826365136366e-02
3.405501610170102444e-01 9.002640890825527320e-01 1.512834274441349040e-02 1.284507821499963676e+00 3.048673241778885323e-01
1.849105706210216749e-01 1.661193976958711196e-02 8.747972653622455852e-02 1.500000000000000000e+00 8.686368965769976080e-01
1.474089885449710036e-01 8.853574973368764089e-01 4.346478561389381379e-01 1.210811245802674296e+00 3.351459316703633284e-01
2.679474524617128650e-01 7.198263658293697631e-01 4.941358801916022059e-01 2.015846049738869161e-01 5.858753646810176408e-01
1.238813682312790571e-01 5.993925198848223390e-01 1.738350894831038884e-01 6.822401762790867297e-01 8.121877179204034514e-01
4.809662114820385526e-01 8.771840736449353360e-01 2.812969561321072148e-02 3.282547753205227181e-01 4.090009555391073692e-01
4.336410151789037437e-01 6.191059105848113475e-01 4.197769456757677875e-01 6.703057128636225048e-01 1.483031943193697036e-02
3.908575034272390170e-01 6.449875774237031623e-01 4.592662421030316300e-01 1.472160232578336725e+00 6.814973704377333963e-01
1.023302676275879702e-01 9.090354541554839241e-01 1.676881317368967006e-01 8.025961898629979663e-01 2.326011199888263770e-01
3.982860081419288267e-01 5.401253110541657243e-01 3.444377239852378647e-01 1.625171370809882221e-01 1.318265150971721367e-01
2.826053277057895552e-01 6.958205093128371210e-01 4.444015770665519227e-01 8.535970236268010103e-01 7.174900326903562719e-01
1.637685359271776608e-01 2.021343734254958113e-01 2.205159307712598882e-01 1.161548753811277646e+00 5.162622770741784883e-01
1.949383421515995529e-01 2.643673165435277972e-01 6.697972318278815063e-02 5.506409140598651497e-01 7.046588182433196623e-01
2.046876063563664028e-01 1.222399415784085515e-02 2.454173641733602973e-01 4.681289760029795355e-01 4.205171682276274137e-01
1.790091631797531835e-01 8.921756846570304544e-01 4.464733800423112964e-01 1.467297207958097705e+00 9.006223293826842724e-01
2.801473401243785299e-01 5.112101162314717229e-01 3.366738657007957158e-01 8.472319299076411792e-01 3.739873168186159669e-01
3.821957644213638261e-01 6.051991599169999070e-01 4.625122822384941101e-01 1.157593983225412959e+00 7.874377528446799834e-01
4.970903527408722655e-01 5.326379484535017639e-01 4.489300545632735617e-01 4.595527460923448659e-01 2.536642222754737497e-01
5.000000000000000000e-01 4.601304761171470248e-01 1.003050869431571512e-01 1.360161490811329532e+00 6.611553405351007218e-01
4.378753660845864926e-01 9.909558332947955295e-01 0.000000000000000000e+00 1.078188642997679247e+00 9.868061241911186832e-01
3.689266833173864280e-01 8.435123343562479503e-01 3.430096034904631663e-01 1.183560769401610813e+00 4.976340012736062413e-01
3.787557436565818225e-01 6.005065283049290104e-01 2.940844436285079966e-01 1.330388749152542127e+00 6.086534284678216666e-01
3.729301008107995252e-01 2.261779296238332904e-01 7.719921657170707163e-02 1.087488220470946843e+00 7.936849993061324549e-01
2.642625459180857894e-01 7.095354039203814744e-02 3.184028946716515596e-01 1.109471505931371560e+00 3.656810367678713369e-01
2.432923250413645544e-01 1.367248296585489298e-01 3.014407011086416843e-01 3.433460705468760477e-01 3.809485523097955184e-01
2.545888073656295547e-01 6.563249748928152716e-01 1.413828211891123288e-01 5.120893207235049926e-01 3.734962800663572113e-01
4.625737142608527530e-01 1.148351470831547594e-01 1.936845802823782270e-01 7.286385272046780326e-01 6.181825764177947269e-01
1.315580737246431209e-01 5.284915608322446889e-01 2.961593770942172466e-01 1.167711142709981553e+00 2.965806567364799862e-01
3.323567856997381442e-01 5.841890205990731832e-01 2.791384710244064760e-01 8.317238006590872423e-01 9.534096217879348689e-01
2.702871475136169876e-01 4.563602730855246259e-01 4.008365049976029826e-01 1.221401272199033050e+00 5.753531956422024418e-01
3.261360771146987747e-01 1.835754189595313890e-01 2.447064775424593330e-01 1.251653051587574783e+00 9.485014243548980373e-01
2.603320661194284402e-01 3.018147093630632050e-01 2.616879932139477560e-01 4.518681533952296769e-01 6.009938017302641766e-01
4.759820621906632465e-01 1.419957328398091245e-01 4.291980462840587762e-01 2.628229915662619320e-01 9.716637239726093611e-01
1.894452364998012728e-01 7.254681365654646052e-01 1.297673314940637479e-01 1.417270797271408922e+00 9.669828107755772395e-01
4.556919501936254058e-01 1.283494558840322375e-01 3.619188754267740199e-02 1.037685010982529743e+00 4.616521891055643811e-01
4.588651606258503102e-01 8.725054862324933547e-01 1.845594260591220115e-01 2.796592063720895749e-02 1.958647670555404285e-01
3.383069781826177347e-01 1.080342542876705919e-01 9.537102773549711865e-02 1.301566878301895880e+00 6.505139640585574368e-01
4.042374720946365074e-01 1.729213099634447359e-01 4.803730928886443437e-03 3.007071844755425660e-01 4.366964081835872369e-01
1.141241860025886401e-01 1.459240075110478929e-01 1.388830647624550163e-01 9.195650803641098880e-01 5.603898206374432478e-01
4.196072291104773755e-01 5.649351677537552963e-01 1.791271552098230302e-01 5.324911792835020780e-02 7.383149664262007583e-01
1.737900519294427459e-01 3.201256157663413537e-01 2.132904071092165954e-01 6.598264302525610470e-01 5.001802900147211961e-01
4.421433320769406206e-01 1.896451721318599126e-01 4.075424244411468000e-01 1.293681005321578592e+00 6.860991726532957857e-01
3.652635077628466065e-01 3.868766017886555164e-01 8.224941433397517029e-03 6.522515320656280258e-01 4.811975622979093314e-01
3.055043669382168647e-01 6.800694685733631450e-01 3.636603106225032578e-01 1.944133599774943710e-01 7.661250523521521139e-01
3.620424116775025070e-01 6.895183610903002913e-01 9.873515207840294350e-02 9.698851023981768238e-01 9.999999999999998890e-01
3.196039987544777583e-01 7.783162331684423396e-01 3.915234403572875888e-01 9.365601366363850433e-01 8.158486082272379258e-01
1.000000000000000056e-01 7.829353501745776045e-01 1.646285576011430052e-01 1.843817945139125947e-01 1.562785143079583328e-01
2.149514456605817192e-01 3.620273165914003610e-01 1.579655426425247977e-01 1.275749125412565244e+00 3.605080105355162878e-01
1.418323879503856078e-01 4.100344439505711480e-01 2.363033922298866385e-01 1.493723620287482845e+00 2.894674488921141209e-01
2.465796507865239406e-01 6.944557208058916853e-01 4.250746748645203160e-02 1.408521348133599860e+00 5.486139600496338087e-01
3.124651575444918339e-01 3.873959906855674318e-02 3.762622657316813668e-02 1.435701804737957499e+00 4.647795222192607767e-01
3.801264838592229856e-01 4.077932017189681568e-01 7.018762910214354500e-02 0.000000000000000000e+00 3.989351317547225606e-01
2.501898284315894894e-01 2.327095638408037404e-01 4.696068332680686241e-01 1.243455691062362173e-01 1.305999221552707756e-01
1.264782009370354066e-01 2.453467748065589205e-01 3.684906681422603913e-01 5.280932293355582452e-01 6.721329335806555672e-02
3.569094399305998699e-01 5.457882277523833786e-02 2.306976482649445992e-01 1.008050200090380599e+00 3.282022355607229214e-01
1.056956412552219476e-01 4.666681369477789776e-01 1.196434204239902738e-01 7.378665416962131018e-02 6.126775590629457424e-01
1.607619251468052624e-01 6.320908733418204584e-01 1.711940969383740352e-01 7.794618936611811266e-01 2.416358488207903110e-01
2.623788413107903672e-01 6.119773290412050537e-01 9.293855731519601315e-02 1.066639379363151230e+00 8.747307477729356906e-01
