9.666666666666665630e-01 2.000000000000000000e+03 2.000000000000000000e+02 5.000000000000000278e-02 6.666666666666666574e-02 5.666666666666666519e-01 5.066666666666666430e+01 2.000000000000000000e+00 1.000000000000000000e+00 1.000000000000000021e-03 1.000000000000000000e+00 1.000000000000000000e+00
9.666666666666665630e-01 2.000000000000000000e+03 2.000000000000000000e+02 5.000000000000000278e-02 6.666666666666666574e-02 5.666666666666666519e-01 1.500000000000000000e+02 2.000000000000000000e+00 1.000000000000000000e+00 1.000000000000000021e-03 1.000000000000000000e+00 1.000000000000000000e+00
9.666666666666665630e-01 0.000000000000000000e+00 2.000000000000000000e+02 5.000000000000000278e-02 6.666666666666666574e-02 5.666666666666666519e-01 1.500000000000000000e+02 2.000000000000000000e+00 1.000000000000000000e+00 1.000000000000000021e-03 1.000000000000000000e+00 1.000000000000000000e+00
9.666666666666665630e-01 0.000000000000000000e+00 2.000000000000000000e+02 5.000000000000000278e-02 6.666666666666666574e-02 5.666666666666666519e-01 1.500000000000000000e+02 2.000000000000000000e+00 1.000000000000000000e+00 1.000000000000000021e-03 1.000000000000000000e+00 3.333333333333333148e-01
9.666666666666665630e-01 0.000000000000000000e+00 2.000000000000000000e+02 5.000000000000000278e-02 6.666666666666666574e-02 5.666666666666666519e-01 1.500000000000000000e+02 7.333333333333332815e-01 1.000000000000000000e+00 1.000000000000000021e-03 1.000000000000000000e+00 3.333333333333333148e-01
9.666666666666665630e-01 0.000000000000000000e+00 2.000000000000000000e+02 5.000000000000000278e-02 6.666666666666666574e-02 5.666666666666666519e-01 1.500000000000000000e+02 7.333333333333332815e-01 1.000000000000000000e+00 1.000000000000000021e-03 3.333333333333333148e-01 3.333333333333333148e-01
9.666666666666665630e-01 0.000000000000000000e+00 2.000000000000000000e+02 1.016666666666666607e+00 6.666666666666666574e-02 5.666666666666666519e-01 1.500000000000000000e+02 7.333333333333332815e-01 1.000000000000000000e+00 1.000000000000000021e-03 3.333333333333333148e-01 3.333333333333333148e-01
9.666666666666665630e-01 0.000000000000000000e+00 2.000000000000000000e+02 1.016666666666666607e+00 6.666666666666666574e-02 1.500000000000000000e+00 1.500000000000000000e+02 7.333333333333332815e-01 1.000000000000000000e+00 1.000000000000000021e-03 3.333333333333333148e-01 3.333333333333333148e-01
9.666666666666665630e-01 0.000000000000000000e+00 2.000000000000000000e+02 1.016666666666666607e+00 6.666666666666666574e-02 1.500000000000000000e+00 1.500000000000000000e+02 7.333333333333332815e-01 2.333333333333333037e+00 1.000000000000000021e-03 3.333333333333333148e-01 3.333333333333333148e-01
9.666666666666665630e-01 0.000000000000000000e+00 1.200000000000000000e+02 1.016666666666666607e+00 6.666666666666666574e-02 1.500000000000000000e+00 1.500000000000000000e+02 7.333333333333332815e-01 2.333333333333333037e+00 1.000000000000000021e-03 3.333333333333333148e-01 3.333333333333333148e-01
9.666666666666665630e-01 0.000000000000000000e+00 1.200000000000000000e+02 1.016666666666666607e+00 2.000000000000000111e-01 1.500000000000000000e+00 1.500000000000000000e+02 7.333333333333332815e-01 2.333333333333333037e+00 1.000000000000000021e-03 3.333333333333333148e-01 3.333333333333333148e-01
5.000000000000000000e-01 0.000000000000000000e+00 1.200000000000000000e+02 1.016666666666666607e+00 2.000000000000000111e-01 1.500000000000000000e+00 1.500000000000000000e+02 7.333333333333332815e-01 2.333333333333333037e+00 1.000000000000000021e-03 3.333333333333333148e-01 3.333333333333333148e-01
5.000000000000000000e-01 0.000000000000000000e+00 1.200000000000000000e+02 1.016666666666666607e+00 2.000000000000000111e-01 1.500000000000000000e+00 1.500000000000000000e+02 7.333333333333332815e-01 2.333333333333333037e+00 6.669999999999999263e-01 3.333333333333333148e-01 3.333333333333333148e-01
5.000000000000000000e-01 2.000000000000000000e+03 2.000000000000000000e+02 5.333333333333333259e-01 1.333333333333333315e-01 5.666666666666666519e-01 1.000000000000000000e+00 1.366666666666666696e+00 2.333333333333333037e+00 6.669999999999999263e-01 3.333333333333333148e-01 3.333333333333333148e-01
5.000000000000000000e-01 2.000000000000000000e+03 2.000000000000000000e+02 5.333333333333333259e-01 0.000000000000000000e+00 5.666666666666666519e-01 1.000000000000000000e+00 1.366666666666666696e+00 2.333333333333333037e+00 6.669999999999999263e-01 3.333333333333333148e-01 3.333333333333333148e-01
5.000000000000000000e-01 2.000000000000000000e+03 2.000000000000000000e+02 5.333333333333333259e-01 0.000000000000000000e+00 1.500000000000000000e+00 1.000000000000000000e+00 1.366666666666666696e+00 2.333333333333333037e+00 6.669999999999999263e-01 3.333333333333333148e-01 3.333333333333333148e-01
5.000000000000000000e-01 2.000000000000000000e+03 1.200000000000000000e+02 5.333333333333333259e-01 0.000000000000000000e+00 1.500000000000000000e+00 1.000000000000000000e+00 1.366666666666666696e+00 2.333333333333333037e+00 6.669999999999999263e-01 3.333333333333333148e-01 3.333333333333333148e-01
5.000000000000000000e-01 2.000000000000000000e+03 1.200000000000000000e+02 5.333333333333333259e-01 0.000000000000000000e+00 1.500000000000000000e+00 1.003333333333333286e+02 1.366666666666666696e+00 2.333333333333333037e+00 6.669999999999999263e-01 3.333333333333333148e-01 3.333333333333333148e-01
5.000000000000000000e-01 2.000000000000000000e+03 1.200000000000000000e+02 5.333333333333333259e-01 0.000000000000000000e+00 1.500000000000000000e+00 1.003333333333333286e+02 1.000000000000000056e-01 2.333333333333333037e+00 6.669999999999999263e-01 3.333333333333333148e-01 3.333333333333333148e-01
5.000000000000000000e-01 2.000000000000000000e+03 1.200000000000000000e+02 5.333333333333333259e-01 0.000000000000000000e+00 1.500000000000000000e+00 1.003333333333333286e+02 1.000000000000000056e-01 2.333333333333333037e+00 6.669999999999999263e-01 3.333333333333333148e-01 1.000000000000000000e+00
5.000000000000000000e-01 2.000000000000000000e+03 1.200000000000000000e+02 5.333333333333333259e-01 0.000000000000000000e+00 1.500000000000000000e+00 1.003333333333333286e+02 1.000000000000000056e-01 2.333333333333333037e+00 1.000000000000000021e-03 3.333333333333333148e-01 1.000000000000000000e+00
5.000000000000000000e-01 2.000000000000000000e+03 1.200000000000000000e+02 5.333333333333333259e-01 0.000000000000000000e+00 1.500000000000000000e+00 1.003333333333333286e+02 1.000000000000000056e-01 2.333333333333333037e+00 1.000000000000000021e-03 1.000000000000000000e+00 1.000000000000000000e+00
5.000000000000000000e-01 0.000000000000000000e+00 1.200000000000000000e+02 5.333333333333333259e-01 0.000000000000000000e+00 1.500000000000000000e+00 1.003333333333333286e+02 1.000000000000000056e-01 2.333333333333333037e+00 1.000000000000000021e-03 1.000000000000000000e+00 1.000000000000000000e+00
9.666666666666665630e-01 0.000000000000000000e+00 1.200000000000000000e+02 5.333333333333333259e-01 0.000000000000000000e+00 1.500000000000000000e+00 1.003333333333333286e+02 1.000000000000000056e-01 2.333333333333333037e+00 1.000000000000000021e-03 1.000000000000000000e+00 1.000000000000000000e+00
9.666666666666665630e-01 0.000000000000000000e+00 1.200000000000000000e+02 5.333333333333333259e-01 0.000000000000000000e+00 1.500000000000000000e+00 1.003333333333333286e+02 1.000000000000000056e-01 1.000000000000000000e+00 1.000000000000000021e-03 1.000000000000000000e+00 1.000000000000000000e+00
9.666666666666665630e-01 0.000000000000000000e+00 1.200000000000000000e+02 1.500000000000000000e+00 0.000000000000000000e+00 1.500000000000000000e+00 1.003333333333333286e+02 1.000000000000000056e-01 1.000000000000000000e+00 1.000000000000000021e-03 1.000000000000000000e+00 1.000000000000000000e+00
7.333333333333332815e-01 0.000000000000000000e+00 2.000000000000000000e+02 5.000000000000000278e-02 1.333333333333333315e-01 1.000000000000000056e-01 1.500000000000000000e+02 1.000000000000000056e-01 2.333333333333333037e+00 1.000000000000000021e-03 0.000000000000000000e+00 0.000000000000000000e+00
7.333333333333332815e-01 0.000000000000000000e+00 2.000000000000000000e+02 1.016666666666666607e+00 1.333333333333333315e-01 1.000000000000000056e-01 1.500000000000000000e+02 1.000000000000000056e-01 2.333333333333333037e+00 1.000000000000000021e-03 0.000000000000000000e+00 0.000000000000000000e+00
7.333333333333332815e-01 0.000000000000000000e+00 2.000000000000000000e+02 1.016666666666666607e+00 1.333333333333333315e-01 1.000000000000000056e-01 1.500000000000000000e+02 1.000000000000000056e-01 2.333333333333333037e+00 1.000000000000000021e-03 0.000000000000000000e+00 6.666666666666666297e-01
7.333333333333332815e-01 0.000000000000000000e+00 2.000000000000000000e+02 1.016666666666666607e+00 1.333333333333333315e-01 1.000000000000000056e-01 1.500000000000000000e+02 1.366666666666666696e+00 2.333333333333333037e+00 1.000000000000000021e-03 0.000000000000000000e+00 6.666666666666666297e-01
7.333333333333332815e-01 0.000000000000000000e+00 2.000000000000000000e+02 1.016666666666666607e+00 1.333333333333333315e-01 1.000000000000000056e-01 5.066666666666666430e+01 1.366666666666666696e+00 2.333333333333333037e+00 1.000000000000000021e-03 0.000000000000000000e+00 6.666666666666666297e-01
7.333333333333332815e-01 0.000000000000000000e+00 2.000000000000000000e+02 1.016666666666666607e+00 1.333333333333333315e-01 1.000000000000000056e-01 5.066666666666666430e+01 1.366666666666666696e+00 1.000000000000000000e+00 1.000000000000000021e-03 0.000000000000000000e+00 6.666666666666666297e-01
7.333333333333332815e-01 0.000000000000000000e+00 2.000000000000000000e+02 1.016666666666666607e+00 1.333333333333333315e-01 1.000000000000000056e-01 5.066666666666666430e+01 1.366666666666666696e+00 1.000000000000000000e+00 1.000000000000000021e-03 6.666666666666666297e-01 6.666666666666666297e-01
7.333333333333332815e-01 2.000000000000000000e+03 2.000000000000000000e+02 1.016666666666666607e+00 1.333333333333333315e-01 1.000000000000000056e-01 5.066666666666666430e+01 1.366666666666666696e+00 1.000000000000000000e+00 1.000000000000000021e-03 6.666666666666666297e-01 6.666666666666666297e-01
7.333333333333332815e-01 2.000000000000000000e+03 2.000000000000000000e+02 1.016666666666666607e+00 1.333333333333333315e-01 1.033333333333333215e+00 5.066666666666666430e+01 1.366666666666666696e+00 1.000000000000000000e+00 1.000000000000000021e-03 6.666666666666666297e-01 6.666666666666666297e-01
1.199999999999999956e+00 2.000000000000000000e+03 2.000000000000000000e+02 1.016666666666666607e+00 1.333333333333333315e-01 1.033333333333333215e+00 5.066666666666666430e+01 1.366666666666666696e+00 1.000000000000000000e+00 1.000000000000000021e-03 6.666666666666666297e-01 6.666666666666666297e-01
1.199999999999999956e+00 2.000000000000000000e+03 1.200000000000000000e+02 1.016666666666666607e+00 1.333333333333333315e-01 1.033333333333333215e+00 5.066666666666666430e+01 1.366666666666666696e+00 1.000000000000000000e+00 1.000000000000000021e-03 6.666666666666666297e-01 6.666666666666666297e-01
1.199999999999999956e+00 2.000000000000000000e+03 1.200000000000000000e+02 1.016666666666666607e+00 1.333333333333333315e-01 1.033333333333333215e+00 5.066666666666666430e+01 1.366666666666666696e+00 1.000000000000000000e+00 6.669999999999999263e-01 6.666666666666666297e-01 6.666666666666666297e-01
1.199999999999999956e+00 2.000000000000000000e+03 1.200000000000000000e+02 1.016666666666666607e+00 0.000000000000000000e+00 1.033333333333333215e+00 5.066666666666666430e+01 1.366666666666666696e+00 1.000000000000000000e+00 6.669999999999999263e-01 6.666666666666666297e-01 6.666666666666666297e-01
7.333333333333332815e-01 0.000000000000000000e+00 8.000000000000000000e+01 1.016666666666666607e+00 6.666666666666666574e-02 1.033333333333333215e+00 5.066666666666666430e+01 7.333333333333332815e-01 3.000000000000000000e+00 1.000000000000000000e+00 3.333333333333333148e-01 3.333333333333333148e-01
7.333333333333332815e-01 0.000000000000000000e+00 8.000000000000000000e+01 5.000000000000000278e-02 6.666666666666666574e-02 1.033333333333333215e+00 5.066666666666666430e+01 7.333333333333332815e-01 3.000000000000000000e+00 1.000000000000000000e+00 3.333333333333333148e-01 3.333333333333333148e-01
1.199999999999999956e+00 0.000000000000000000e+00 8.000000000000000000e+01 5.000000000000000278e-02 6.666666666666666574e-02 1.033333333333333215e+00 5.066666666666666430e+01 7.333333333333332815e-01 3.000000000000000000e+00 1.000000000000000000e+00 3.333333333333333148e-01 3.333333333333333148e-01
1.199999999999999956e+00 2.000000000000000000e+03 8.000000000000000000e+01 5.000000000000000278e-02 6.666666666666666574e-02 1.033333333333333215e+00 5.066666666666666430e+01 7.333333333333332815e-01 3.000000000000000000e+00 1.000000000000000000e+00 3.333333333333333148e-01 3.333333333333333148e-01
1.199999999999999956e+00 2.000000000000000000e+03 8.000000000000000000e+01 5.000000000000000278e-02 6.666666666666666574e-02 1.033333333333333215e+00 5.066666666666666430e+01 7.333333333333332815e-01 1.666666666666666519e+00 1.000000000000000000e+00 3.333333333333333148e-01 3.333333333333333148e-01
1.199999999999999956e+00 2.000000000000000000e+03 1.600000000000000000e+02 5.000000000000000278e-02 6.666666666666666574e-02 1.033333333333333215e+00 5.066666666666666430e+01 7.333333333333332815e-01 1.666666666666666519e+00 1.000000000000000000e+00 3.333333333333333148e-01 3.333333333333333148e-01
1.199999999999999956e+00 2.000000000000000000e+03 1.600000000000000000e+02 5.000000000000000278e-02 6.666666666666666574e-02 1.000000000000000056e-01 5.066666666666666430e+01 7.333333333333332815e-01 1.666666666666666519e+00 1.000000000000000000e+00 3.333333333333333148e-01 3.333333333333333148e-01
1.199999999999999956e+00 2.000000000000000000e+03 1.600000000000000000e+02 5.000000000000000278e-02 2.000000000000000111e-01 1.000000000000000056e-01 5.066666666666666430e+01 7.333333333333332815e-01 1.666666666666666519e+00 1.000000000000000000e+00 3.333333333333333148e-01 3.333333333333333148e-01
1.199999999999999956e+00 2.000000000000000000e+03 1.600000000000000000e+02 5.000000000000000278e-02 2.000000000000000111e-01 1.000000000000000056e-01 5.066666666666666430e+01 7.333333333333332815e-01 1.666666666666666519e+00 1.000000000000000000e+00 3.333333333333333148e-01 1.000000000000000000e+00
1.199999999999999956e+00 2.000000000000000000e+03 1.600000000000000000e+02 5.000000000000000278e-02 2.000000000000000111e-01 1.000000000000000056e-01 1.500000000000000000e+02 7.333333333333332815e-01 1.666666666666666519e+00 1.000000000000000000e+00 3.333333333333333148e-01 1.000000000000000000e+00
1.199999999999999956e+00 2.000000000000000000e+03 1.600000000000000000e+02 5.000000000000000278e-02 2.000000000000000111e-01 1.000000000000000056e-01 1.500000000000000000e+02 7.333333333333332815e-01 1.666666666666666519e+00 3.339999999999999636e-01 3.333333333333333148e-01 1.000000000000000000e+00
1.199999999999999956e+00 2.000000000000000000e+03 1.600000000000000000e+02 5.000000000000000278e-02 2.000000000000000111e-01 1.000000000000000056e-01 1.500000000000000000e+02 7.333333333333332815e-01 1.666666666666666519e+00 3.339999999999999636e-01 1.000000000000000000e+00 1.000000000000000000e+00
1.199999999999999956e+00 2.000000000000000000e+03 1.600000000000000000e+02 5.000000000000000278e-02 2.000000000000000111e-01 1.000000000000000056e-01 1.500000000000000000e+02 2.000000000000000000e+00 1.666666666666666519e+00 3.339999999999999636e-01 1.000000000000000000e+00 1.000000000000000000e+00
5.000000000000000000e-01 2.000000000000000000e+03 2.000000000000000000e+02 5.333333333333333259e-01 0.000000000000000000e+00 1.033333333333333215e+00 1.000000000000000000e+00 2.000000000000000000e+00 1.000000000000000000e+00 1.000000000000000021e-03 1.000000000000000000e+00 3.333333333333333148e-01
5.000000000000000000e-01 0.000000000000000000e+00 2.000000000000000000e+02 5.333333333333333259e-01 0.000000000000000000e+00 1.033333333333333215e+00 1.000000000000000000e+00 2.000000000000000000e+00 1.000000000000000000e+00 1.000000000000000021e-03 1.000000000000000000e+00 3.333333333333333148e-01
5.000000000000000000e-01 0.000000000000000000e+00 2.000000000000000000e+02 5.333333333333333259e-01 0.000000000000000000e+00 1.033333333333333215e+00 1.000000000000000000e+00 2.000000000000000000e+00 1.000000000000000000e+00 1.000000000000000021e-03 1.000000000000000000e+00 1.000000000000000000e+00
5.000000000000000000e-01 0.000000000000000000e+00 2.000000000000000000e+02 5.333333333333333259e-01 0.000000000000000000e+00 1.033333333333333215e+00 1.000000000000000000e+00 2.000000000000000000e+00 1.000000000000000000e+00 6.669999999999999263e-01 1.000000000000000000e+00 1.000000000000000000e+00
5.000000000000000000e-01 0.000000000000000000e+00 2.000000000000000000e+02 5.333333333333333259e-01 1.333333333333333315e-01 1.033333333333333215e+00 1.000000000000000000e+00 2.000000000000000000e+00 1.000000000000000000e+00 6.669999999999999263e-01 1.000000000000000000e+00 1.000000000000000000e+00
5.000000000000000000e-01 0.000000000000000000e+00 2.000000000000000000e+02 1.500000000000000000e+00 1.333333333333333315e-01 1.033333333333333215e+00 1.000000000000000000e+00 2.000000000000000000e+00 1.000000000000000000e+00 6.669999999999999263e-01 1.000000000000000000e+00 1.000000000000000000e+00
5.000000000000000000e-01 0.000000000000000000e+00 2.000000000000000000e+02 1.500000000000000000e+00 1.333333333333333315e-01 1.033333333333333215e+00 1.003333333333333286e+02 2.000000000000000000e+00 1.000000000000000000e+00 6.669999999999999263e-01 1.000000000000000000e+00 1.000000000000000000e+00
5.000000000000000000e-01 0.000000000000000000e+00 1.200000000000000000e+02 1.500000000000000000e+00 1.333333333333333315e-01 1.033333333333333215e+00 1.003333333333333286e+02 2.000000000000000000e+00 1.000000000000000000e+00 6.669999999999999263e-01 1.000000000000000000e+00 1.000000000000000000e+00
9.666666666666665630e-01 0.000000000000000000e+00 1.200000000000000000e+02 1.500000000000000000e+00 1.333333333333333315e-01 1.033333333333333215e+00 1.003333333333333286e+02 2.000000000000000000e+00 1.000000000000000000e+00 6.669999999999999263e-01 1.000000000000000000e+00 1.000000000000000000e+00
9.666666666666665630e-01 0.000000000000000000e+00 1.200000000000000000e+02 1.500000000000000000e+00 1.333333333333333315e-01 1.033333333333333215e+00 1.003333333333333286e+02 2.000000000000000000e+00 1.000000000000000000e+00 6.669999999999999263e-01 3.333333333333333148e-01 1.000000000000000000e+00
9.666666666666665630e-01 0.000000000000000000e+00 1.200000000000000000e+02 1.500000000000000000e+00 1.333333333333333315e-01 1.033333333333333215e+00 1.003333333333333286e+02 2.000000000000000000e+00 2.333333333333333037e+00 6.669999999999999263e-01 3.333333333333333148e-01 1.000000000000000000e+00
9.666666666666665630e-01 0.000000000000000000e+00 1.200000000000000000e+02 1.500000000000000000e+00 1.333333333333333315e-01 1.033333333333333215e+00 1.003333333333333286e+02 7.333333333333332815e-01 2.333333333333333037e+00 6.669999999999999263e-01 3.333333333333333148e-01 1.000000000000000000e+00
9.666666666666665630e-01 0.000000000000000000e+00 1.200000000000000000e+02 1.500000000000000000e+00 1.333333333333333315e-01 1.000000000000000056e-01 1.003333333333333286e+02 7.333333333333332815e-01 2.333333333333333037e+00 6.669999999999999263e-01 3.333333333333333148e-01 1.000000000000000000e+00
9.666666666666665630e-01 2.000000000000000000e+03 1.200000000000000000e+02 5.333333333333333259e-01 6.666666666666666574e-02 1.000000000000000056e-01 1.000000000000000000e+00 1.366666666666666696e+00 1.666666666666666519e+00 6.669999999999999263e-01 0.000000000000000000e+00 0.000000000000000000e+00
9.666666666666665630e-01 2.000000000000000000e+03 1.200000000000000000e+02 5.333333333333333259e-01 6.666666666666666574e-02 1.000000000000000056e-01 1.000000000000000000e+00 1.366666666666666696e+00 1.666666666666666519e+00 1.000000000000000021e-03 0.000000000000000000e+00 0.000000000000000000e+00
9.666666666666665630e-01 2.000000000000000000e+03 1.200000000000000000e+02 5.333333333333333259e-01 6.666666666666666574e-02 1.000000000000000056e-01 1.003333333333333286e+02 1.366666666666666696e+00 1.666666666666666519e+00 1.000000000000000021e-03 0.000000000000000000e+00 0.000000000000000000e+00
9.666666666666665630e-01 2.000000000000000000e+03 1.200000000000000000e+02 5.333333333333333259e-01 6.666666666666666574e-02 1.033333333333333215e+00 1.003333333333333286e+02 1.366666666666666696e+00 1.666666666666666519e+00 1.000000000000000021e-03 0.000000000000000000e+00 0.000000000000000000e+00
9.666666666666665630e-01 2.000000000000000000e+03 1.200000000000000000e+02 5.333333333333333259e-01 6.666666666666666574e-02 1.033333333333333215e+00 1.003333333333333286e+02 1.000000000000000056e-01 1.666666666666666519e+00 1.000000000000000021e-03 0.000000000000000000e+00 0.000000000000000000e+00
5.000000000000000000e-01 2.000000000000000000e+03 1.200000000000000000e+02 5.333333333333333259e-01 6.666666666666666574e-02 1.033333333333333215e+00 1.003333333333333286e+02 1.000000000000000056e-01 1.666666666666666519e+00 1.000000000000000021e-03 0.000000000000000000e+00 0.000000000000000000e+00
5.000000000000000000e-01 2.000000000000000000e+03 1.200000000000000000e+02 1.500000000000000000e+00 6.666666666666666574e-02 1.033333333333333215e+00 1.003333333333333286e+02 1.000000000000000056e-01 1.666666666666666519e+00 1.000000000000000021e-03 0.000000000000000000e+00 0.000000000000000000e+00
5.000000000000000000e-01 2.000000000000000000e+03 1.200000000000000000e+02 1.500000000000000000e+00 6.666666666666666574e-02 1.033333333333333215e+00 1.003333333333333286e+02 1.000000000000000056e-01 1.666666666666666519e+00 1.000000000000000021e-03 6.666666666666666297e-01 0.000000000000000000e+00
5.000000000000000000e-01 2.000000000000000000e+03 2.000000000000000000e+02 1.500000000000000000e+00 6.666666666666666574e-02 1.033333333333333215e+00 1.003333333333333286e+02 1.000000000000000056e-01 1.666666666666666519e+00 1.000000000000000021e-03 6.666666666666666297e-01 0.000000000000000000e+00
5.000000000000000000e-01 0.000000000000000000e+00 2.000000000000000000e+02 1.500000000000000000e+00 6.666666666666666574e-02 1.033333333333333215e+00 1.003333333333333286e+02 1.000000000000000056e-01 1.666666666666666519e+00 1.000000000000000021e-03 6.666666666666666297e-01 0.000000000000000000e+00
5.000000000000000000e-01 0.000000000000000000e+00 2.000000000000000000e+02 1.500000000000000000e+00 2.000000000000000111e-01 1.033333333333333215e+00 1.003333333333333286e+02 1.000000000000000056e-01 1.666666666666666519e+00 1.000000000000000021e-03 6.666666666666666297e-01 0.000000000000000000e+00
5.000000000000000000e-01 0.000000000000000000e+00 2.000000000000000000e+02 1.500000000000000000e+00 2.000000000000000111e-01 1.033333333333333215e+00 1.003333333333333286e+02 1.000000000000000056e-01 1.666666666666666519e+00 1.000000000000000021e-03 6.666666666666666297e-01 6.666666666666666297e-01
5.000000000000000000e-01 0.000000000000000000e+00 2.000000000000000000e+02 1.500000000000000000e+00 2.000000000000000111e-01 1.033333333333333215e+00 1.003333333333333286e+02 1.000000000000000056e-01 3.000000000000000000e+00 1.000000000000000021e-03 6.666666666666666297e-01 6.666666666666666297e-01
9.666666666666665630e-01 2.000000000000000000e+03 1.200000000000000000e+02 5.000000000000000278e-02 1.333333333333333315e-01 1.033333333333333215e+00 1.003333333333333286e+02 2.000000000000000000e+00 2.333333333333333037e+00 1.000000000000000021e-03 3.333333333333333148e-01 6.666666666666666297e-01
9.666666666666665630e-01 0.000000000000000000e+00 1.200000000000000000e+02 5.000000000000000278e-02 1.333333333333333315e-01 1.033333333333333215e+00 1.003333333333333286e+02 2.000000000000000000e+00 2.333333333333333037e+00 1.000000000000000021e-03 3.333333333333333148e-01 6.666666666666666297e-01
9.666666666666665630e-01 0.000000000000000000e+00 1.200000000000000000e+02 1.016666666666666607e+00 1.333333333333333315e-01 1.033333333333333215e+00 1.003333333333333286e+02 2.000000000000000000e+00 2.333333333333333037e+00 1.000000000000000021e-03 3.333333333333333148e-01 6.666666666666666297e-01
9.666666666666665630e-01 0.000000000000000000e+00 1.200000000000000000e+02 1.016666666666666607e+00 0.000000000000000000e+00 1.033333333333333215e+00 1.003333333333333286e+02 2.000000000000000000e+00 2.333333333333333037e+00 1.000000000000000021e-03 3.333333333333333148e-01 6.666666666666666297e-01
9.666666666666665630e-01 0.000000000000000000e+00 1.200000000000000000e+02 1.016666666666666607e+00 0.000000000000000000e+00 1.033333333333333215e+00 1.003333333333333286e+02 2.000000000000000000e+00 2.333333333333333037e+00 1.000000000000000021e-03 3.333333333333333148e-01 0.000000000000000000e+00
9.666666666666665630e-01 0.000000000000000000e+00 1.200000000000000000e+02 1.016666666666666607e+00 0.000000000000000000e+00 1.033333333333333215e+00 1.003333333333333286e+02 7.333333333333332815e-01 2.333333333333333037e+00 1.000000000000000021e-03 3.333333333333333148e-01 0.000000000000000000e+00
9.666666666666665630e-01 0.000000000000000000e+00 1.200000000000000000e+02 1.016666666666666607e+00 0.000000000000000000e+00 1.033333333333333215e+00 1.003333333333333286e+02 7.333333333333332815e-01 2.333333333333333037e+00 1.000000000000000021e-03 1.000000000000000000e+00 0.000000000000000000e+00
9.666666666666665630e-01 0.000000000000000000e+00 2.000000000000000000e+02 1.016666666666666607e+00 0.000000000000000000e+00 1.033333333333333215e+00 1.003333333333333286e+02 7.333333333333332815e-01 2.333333333333333037e+00 1.000000000000000021e-03 1.000000000000000000e+00 0.000000000000000000e+00
9.666666666666665630e-01 0.000000000000000000e+00 2.000000000000000000e+02 1.016666666666666607e+00 0.000000000000000000e+00 1.000000000000000056e-01 1.003333333333333286e+02 7.333333333333332815e-01 2.333333333333333037e+00 1.000000000000000021e-03 1.000000000000000000e+00 0.000000000000000000e+00
9.666666666666665630e-01 0.000000000000000000e+00 2.000000000000000000e+02 1.016666666666666607e+00 0.000000000000000000e+00 1.000000000000000056e-01 1.000000000000000000e+00 7.333333333333332815e-01 2.333333333333333037e+00 1.000000000000000021e-03 1.000000000000000000e+00 0.000000000000000000e+00
5.000000000000000000e-01 0.000000000000000000e+00 2.000000000000000000e+02 1.016666666666666607e+00 0.000000000000000000e+00 1.000000000000000056e-01 1.000000000000000000e+00 7.333333333333332815e-01 2.333333333333333037e+00 1.000000000000000021e-03 1.000000000000000000e+00 0.000000000000000000e+00
5.000000000000000000e-01 0.000000000000000000e+00 2.000000000000000000e+02 1.016666666666666607e+00 0.000000000000000000e+00 1.000000000000000056e-01 1.000000000000000000e+00 7.333333333333332815e-01 2.333333333333333037e+00 6.669999999999999263e-01 1.000000000000000000e+00 0.000000000000000000e+00
5.000000000000000000e-01 0.000000000000000000e+00 2.000000000000000000e+02 1.016666666666666607e+00 0.000000000000000000e+00 1.000000000000000056e-01 1.000000000000000000e+00 7.333333333333332815e-01 1.000000000000000000e+00 6.669999999999999263e-01 1.000000000000000000e+00 0.000000000000000000e+00
9.666666666666665630e-01 1.000000000000000000e+03 2.000000000000000000e+02 1.500000000000000000e+00 0.000000000000000000e+00 1.000000000000000056e-01 5.066666666666666430e+01 7.333333333333332815e-01 1.000000000000000000e+00 6.669999999999999263e-01 6.666666666666666297e-01 1.000000000000000000e+00
9.666666666666665630e-01 1.000000000000000000e+03 2.000000000000000000e+02 1.500000000000000000e+00 0.000000000000000000e+00 1.000000000000000056e-01 5.066666666666666430e+01 7.333333333333332815e-01 1.000000000000000000e+00 6.669999999999999263e-01 0.000000000000000000e+00 1.000000000000000000e+00
9.666666666666665630e-01 1.000000000000000000e+03 2.000000000000000000e+02 1.500000000000000000e+00 0.000000000000000000e+00 1.000000000000000056e-01 5.066666666666666430e+01 7.333333333333332815e-01 1.000000000000000000e+00 6.669999999999999263e-01 0.000000000000000000e+00 3.333333333333333148e-01
5.000000000000000000e-01 1.000000000000000000e+03 2.000000000000000000e+02 1.500000000000000000e+00 0.000000000000000000e+00 1.000000000000000056e-01 5.066666666666666430e+01 7.333333333333332815e-01 1.000000000000000000e+00 6.669999999999999263e-01 0.000000000000000000e+00 3.333333333333333148e-01
5.000000000000000000e-01 1.000000000000000000e+03 2.000000000000000000e+02 5.333333333333333259e-01 0.000000000000000000e+00 1.000000000000000056e-01 5.066666666666666430e+01 7.333333333333332815e-01 1.000000000000000000e+00 6.669999999999999263e-01 0.000000000000000000e+00 3.333333333333333148e-01
5.000000000000000000e-01 1.000000000000000000e+03 2.000000000000000000e+02 5.333333333333333259e-01 0.000000000000000000e+00 1.000000000000000056e-01 1.500000000000000000e+02 7.333333333333332815e-01 1.000000000000000000e+00 6.669999999999999263e-01 0.000000000000000000e+00 3.333333333333333148e-01
5.000000000000000000e-01 1.000000000000000000e+03 2.000000000000000000e+02 5.333333333333333259e-01 1.333333333333333315e-01 1.000000000000000056e-01 1.500000000000000000e+02 7.333333333333332815e-01 1.000000000000000000e+00 6.669999999999999263e-01 0.000000000000000000e+00 3.333333333333333148e-01
5.000000000000000000e-01 1.000000000000000000e+03 2.000000000000000000e+02 5.333333333333333259e-01 1.333333333333333315e-01 1.000000000000000056e-01 1.500000000000000000e+02 7.333333333333332815e-01 2.333333333333333037e+00 6.669999999999999263e-01 0.000000000000000000e+00 3.333333333333333148e-01
5.000000000000000000e-01 1.000000000000000000e+03 2.000000000000000000e+02 5.333333333333333259e-01 1.333333333333333315e-01 1.000000000000000056e-01 1.500000000000000000e+02 7.333333333333332815e-01 2.333333333333333037e+00 1.000000000000000021e-03 0.000000000000000000e+00 3.333333333333333148e-01
5.000000000000000000e-01 1.000000000000000000e+03 2.000000000000000000e+02 5.333333333333333259e-01 1.333333333333333315e-01 1.033333333333333215e+00 1.500000000000000000e+02 7.333333333333332815e-01 2.333333333333333037e+00 1.000000000000000021e-03 0.000000000000000000e+00 3.333333333333333148e-01
5.000000000000000000e-01 1.000000000000000000e+03 1.200000000000000000e+02 5.333333333333333259e-01 1.333333333333333315e-01 1.033333333333333215e+00 1.500000000000000000e+02 7.333333333333332815e-01 2.333333333333333037e+00 1.000000000000000021e-03 0.000000000000000000e+00 3.333333333333333148e-01
5.000000000000000000e-01 3.000000000000000000e+03 1.200000000000000000e+02 5.333333333333333259e-01 1.333333333333333315e-01 1.033333333333333215e+00 1.500000000000000000e+02 7.333333333333332815e-01 2.333333333333333037e+00 1.000000000000000021e-03 0.000000000000000000e+00 3.333333333333333148e-01
5.000000000000000000e-01 3.000000000000000000e+03 1.200000000000000000e+02 5.333333333333333259e-01 1.333333333333333315e-01 1.033333333333333215e+00 1.500000000000000000e+02 2.000000000000000000e+00 2.333333333333333037e+00 1.000000000000000021e-03 0.000000000000000000e+00 3.333333333333333148e-01
1.199999999999999956e+00 2.000000000000000000e+03 2.000000000000000000e+02 5.333333333333333259e-01 2.000000000000000111e-01 5.666666666666666519e-01 1.500000000000000000e+02 1.366666666666666696e+00 2.333333333333333037e+00 6.669999999999999263e-01 0.000000000000000000e+00 0.000000000000000000e+00
1.199999999999999956e+00 2.000000000000000000e+03 2.000000000000000000e+02 1.500000000000000000e+00 2.000000000000000111e-01 5.666666666666666519e-01 1.500000000000000000e+02 1.366666666666666696e+00 2.333333333333333037e+00 6.669999999999999263e-01 0.000000000000000000e+00 0.000000000000000000e+00
1.199999999999999956e+00 2.000000000000000000e+03 2.000000000000000000e+02 1.500000000000000000e+00 2.000000000000000111e-01 5.666666666666666519e-01 1.500000000000000000e+02 1.000000000000000056e-01 2.333333333333333037e+00 6.669999999999999263e-01 0.000000000000000000e+00 0.000000000000000000e+00
1.199999999999999956e+00 2.000000000000000000e+03 2.000000000000000000e+02 1.500000000000000000e+00 2.000000000000000111e-01 5.666666666666666519e-01 1.500000000000000000e+02 1.000000000000000056e-01 2.333333333333333037e+00 6.669999999999999263e-01 0.000000000000000000e+00 6.666666666666666297e-01
1.199999999999999956e+00 2.000000000000000000e+03 1.200000000000000000e+02 1.500000000000000000e+00 2.000000000000000111e-01 5.666666666666666519e-01 1.500000000000000000e+02 1.000000000000000056e-01 2.333333333333333037e+00 6.669999999999999263e-01 0.000000000000000000e+00 6.666666666666666297e-01
1.199999999999999956e+00 2.000000000000000000e+03 1.200000000000000000e+02 1.500000000000000000e+00 2.000000000000000111e-01 5.666666666666666519e-01 5.066666666666666430e+01 1.000000000000000056e-01 2.333333333333333037e+00 6.669999999999999263e-01 0.000000000000000000e+00 6.666666666666666297e-01
1.199999999999999956e+00 0.000000000000000000e+00 1.200000000000000000e+02 1.500000000000000000e+00 2.000000000000000111e-01 5.666666666666666519e-01 5.066666666666666430e+01 1.000000000000000056e-01 2.333333333333333037e+00 6.669999999999999263e-01 0.000000000000000000e+00 6.666666666666666297e-01
1.199999999999999956e+00 0.000000000000000000e+00 1.200000000000000000e+02 1.500000000000000000e+00 2.000000000000000111e-01 5.666666666666666519e-01 5.066666666666666430e+01 1.000000000000000056e-01 2.333333333333333037e+00 6.669999999999999263e-01 6.666666666666666297e-01 6.666666666666666297e-01
7.333333333333332815e-01 0.000000000000000000e+00 1.200000000000000000e+02 1.500000000000000000e+00 2.000000000000000111e-01 5.666666666666666519e-01 5.066666666666666430e+01 1.000000000000000056e-01 2.333333333333333037e+00 6.669999999999999263e-01 6.666666666666666297e-01 6.666666666666666297e-01
7.333333333333332815e-01 0.000000000000000000e+00 1.200000000000000000e+02 1.500000000000000000e+00 2.000000000000000111e-01 5.666666666666666519e-01 5.066666666666666430e+01 1.000000000000000056e-01 2.333333333333333037e+00 1.000000000000000021e-03 6.666666666666666297e-01 6.666666666666666297e-01
7.333333333333332815e-01 0.000000000000000000e+00 1.200000000000000000e+02 1.500000000000000000e+00 6.666666666666666574e-02 5.666666666666666519e-01 5.066666666666666430e+01 1.000000000000000056e-01 2.333333333333333037e+00 1.000000000000000021e-03 6.666666666666666297e-01 6.666666666666666297e-01
7.333333333333332815e-01 0.000000000000000000e+00 1.200000000000000000e+02 1.500000000000000000e+00 6.666666666666666574e-02 1.500000000000000000e+00 5.066666666666666430e+01 1.000000000000000056e-01 2.333333333333333037e+00 1.000000000000000021e-03 6.666666666666666297e-01 6.666666666666666297e-01
7.333333333333332815e-01 0.000000000000000000e+00 1.200000000000000000e+02 1.500000000000000000e+00 6.666666666666666574e-02 1.500000000000000000e+00 5.066666666666666430e+01 1.000000000000000056e-01 1.000000000000000000e+00 1.000000000000000021e-03 6.666666666666666297e-01 6.666666666666666297e-01
5.000000000000000000e-01 1.000000000000000000e+03 1.600000000000000000e+02 5.333333333333333259e-01 6.666666666666666574e-02 1.000000000000000056e-01 1.500000000000000000e+02 7.333333333333332815e-01 1.000000000000000000e+00 3.339999999999999636e-01 6.666666666666666297e-01 1.000000000000000000e+00
5.000000000000000000e-01 1.000000000000000000e+03 1.600000000000000000e+02 5.333333333333333259e-01 6.666666666666666574e-02 1.000000000000000056e-01 1.500000000000000000e+02 7.333333333333332815e-01 1.000000000000000000e+00 3.339999999999999636e-01 0.000000000000000000e+00 1.000000000000000000e+00
5.000000000000000000e-01 1.000000000000000000e+03 1.600000000000000000e+02 5.333333333333333259e-01 6.666666666666666574e-02 1.000000000000000056e-01 1.500000000000000000e+02 7.333333333333332815e-01 1.000000000000000000e+00 3.339999999999999636e-01 0.000000000000000000e+00 3.333333333333333148e-01
5.000000000000000000e-01 3.000000000000000000e+03 1.600000000000000000e+02 5.333333333333333259e-01 6.666666666666666574e-02 1.000000000000000056e-01 1.500000000000000000e+02 7.333333333333332815e-01 1.000000000000000000e+00 3.339999999999999636e-01 0.000000000000000000e+00 3.333333333333333148e-01
9.666666666666665630e-01 3.000000000000000000e+03 1.600000000000000000e+02 5.333333333333333259e-01 6.666666666666666574e-02 1.000000000000000056e-01 1.500000000000000000e+02 7.333333333333332815e-01 1.000000000000000000e+00 3.339999999999999636e-01 0.000000000000000000e+00 3.333333333333333148e-01
9.666666666666665630e-01 3.000000000000000000e+03 1.600000000000000000e+02 5.333333333333333259e-01 6.666666666666666574e-02 1.000000000000000056e-01 1.500000000000000000e+02 2.000000000000000000e+00 1.000000000000000000e+00 3.339999999999999636e-01 0.000000000000000000e+00 3.333333333333333148e-01
9.666666666666665630e-01 3.000000000000000000e+03 1.600000000000000000e+02 5.333333333333333259e-01 2.000000000000000111e-01 1.000000000000000056e-01 1.500000000000000000e+02 2.000000000000000000e+00 1.000000000000000000e+00 3.339999999999999636e-01 0.000000000000000000e+00 3.333333333333333148e-01
9.666666666666665630e-01 3.000000000000000000e+03 1.600000000000000000e+02 5.333333333333333259e-01 2.000000000000000111e-01 1.000000000000000056e-01 1.500000000000000000e+02 2.000000000000000000e+00 1.000000000000000000e+00 1.000000000000000000e+00 0.000000000000000000e+00 3.333333333333333148e-01
9.666666666666665630e-01 3.000000000000000000e+03 1.600000000000000000e+02 5.333333333333333259e-01 2.000000000000000111e-01 1.033333333333333215e+00 1.500000000000000000e+02 2.000000000000000000e+00 1.000000000000000000e+00 1.000000000000000000e+00 0.000000000000000000e+00 3.333333333333333148e-01
9.666666666666665630e-01 3.000000000000000000e+03 1.600000000000000000e+02 5.333333333333333259e-01 2.000000000000000111e-01 1.033333333333333215e+00 1.500000000000000000e+02 2.000000000000000000e+00 2.333333333333333037e+00 1.000000000000000000e+00 0.000000000000000000e+00 3.333333333333333148e-01
9.666666666666665630e-01 3.000000000000000000e+03 8.000000000000000000e+01 5.333333333333333259e-01 2.000000000000000111e-01 1.033333333333333215e+00 1.500000000000000000e+02 2.000000000000000000e+00 2.333333333333333037e+00 1.000000000000000000e+00 0.000000000000000000e+00 3.333333333333333148e-01
9.666666666666665630e-01 3.000000000000000000e+03 8.000000000000000000e+01 1.500000000000000000e+00 2.000000000000000111e-01 1.033333333333333215e+00 1.500000000000000000e+02 2.000000000000000000e+00 2.333333333333333037e+00 1.000000000000000000e+00 0.000000000000000000e+00 3.333333333333333148e-01
9.666666666666665630e-01 3.000000000000000000e+03 8.000000000000000000e+01 1.500000000000000000e+00 2.000000000000000111e-01 1.033333333333333215e+00 5.066666666666666430e+01 2.000000000000000000e+00 2.333333333333333037e+00 1.000000000000000000e+00 0.000000000000000000e+00 3.333333333333333148e-01
