1.826881602722355498e-05
5.098305511462422135e-04
5.384074079080061054e-03
9.025297620198564214e-03
2.730924960885413363e-03
1.898787896864647523e-03
1.898787896864647523e-03
2.730924960885413363e-03
1.172233382155024161e-03
5.098305511462422135e-04
1.743804479412581696e-02
9.025297620198564214e-03
1.898787896864647523e-03
2.730924960885413363e-03
5.384074079080061054e-03
3.765757145986111439e-03
1.743804479412581696e-02
9.025297620198564214e-03
1.743804479412581696e-02
5.581694446984726554e-02
