1.014260696180781379e-01
8.577982298127859173e-02
8.577982298127859173e-02
8.563635361885107988e-02
8.563635361885107988e-02
8.563635361885107988e-02
1.033090698889523318e-01
6.742421550600219415e-02
1.067416371187054625e-01
1.067416371187054625e-01
1.065733166208232829e-01
6.935950671134279155e-02
6.423784194939897996e-02
6.291558262120586220e-02
6.258549281952664745e-02
4.669511821314534239e-02
4.531927911017229887e-02
4.495628738881718434e-02
4.486100073545500055e-02
4.787391510318103616e-02
2.770901144812477901e-02
2.770901144812477901e-02
5.901027491335889691e-02
7.758397584021099747e-02
8.588021981191450160e-02
8.588021981191450160e-02
8.171923368741172700e-02
8.157847539427916239e-02
9.969553846769228442e-03
9.969553846769228442e-03
9.969553846769228442e-03
9.969553846769228442e-03
8.518776266794997332e-02
1.743848206264231662e-02
1.743848206264231662e-02
1.743848206264231662e-02
1.743848206264231662e-02
1.737737848635496560e-02
1.737737848635496560e-02
1.737737848635496560e-02
5.215950055589786000e-02
4.363087825999078899e-03
4.396371778861644930e-03
4.396371778861644930e-03
4.396371778861644930e-03
4.396371778861644930e-03
4.396371778861644930e-03
4.396371778861644930e-03
6.755209473833111156e-02
6.755209473833111156e-02
6.768124944990895620e-02
6.768124944990895620e-02
1.000663298341218296e-02
1.000663298341218296e-02
1.000663298341218296e-02
1.000663298341218296e-02
5.227425965800135826e-02
5.227425965800135826e-02
5.227425965800135826e-02
4.396371778861644930e-03
4.396371778861644930e-03
4.396371778861644930e-03
4.396371778861644930e-03
4.363087825999078899e-03
4.356440436874740862e-03
5.213656486773758647e-02
5.213656486773758647e-02
5.225130304766237993e-02
5.225130304766237993e-02
5.225130304766237993e-02
5.225130304766237993e-02
5.225130304766237993e-02
8.507324885221791144e-02
8.507324885221791144e-02
8.521639849818032908e-02
8.521639849818032908e-02
1.745071612933338234e-02
1.745071612933338234e-02
1.745071612933338234e-02
1.745071612933338234e-02
6.760374765910379113e-02
6.760374765910379113e-02
6.773294137693719463e-02
6.773294137693719463e-02
6.773294137693719463e-02
6.773294137693719463e-02
6.773294137693719463e-02
1.002519787387205416e-02
4.363087825999078899e-03
4.363087825999078899e-03
4.363087825999078899e-03
4.363087825999078899e-03
4.363087825999078899e-03
5.215950055589786000e-02
5.215950055589786000e-02
5.227425965800135826e-02
1.054271377489776063e-01
1.054271377489776063e-01
1.054271377489776063e-01
1.055925578597329967e-01
1.055925578597329967e-01
2.693329825629946911e-02
2.693329825629946911e-02
2.693329825629946911e-02
2.077492297136598635e-05
3.328766806210204649e-06
3.328766806210204649e-06
3.328766806210204649e-06
3.328766806210204649e-06
3.328766806210204649e-06
3.328766806210204649e-06
3.869556101405938892e-02
1.742625276796209641e-02
1.742625276796209641e-02
1.742625276796209641e-02
1.742625276796209641e-02
1.742625276796209641e-02
1.742625276796209641e-02
8.515912541075756903e-02
8.501601626199753459e-02
1.054932601140791543e-01
1.054932601140791543e-01
1.054932601140791543e-01
1.054932601140791543e-01
1.054932601140791543e-01
1.053280510018641536e-01
1.053280510018641536e-01
2.679874650485290777e-02
4.369738007257229287e-03
5.218244847245140372e-02
5.218244847245140372e-02
5.218244847245140372e-02
5.218244847245140372e-02
5.218244847245140372e-02
5.229722399947051015e-02
5.229722399947051015e-02
9.988084943028871510e-03
9.988084943028871510e-03
1.003448737907151889e-02
6.775879660557754258e-02
6.775879660557754258e-02
6.775879660557754258e-02
6.775879660557754258e-02
6.775879660557754258e-02
6.768124944990895620e-02
1.000663298341218296e-02
9.960294362651266400e-03
9.960294362651266400e-03
9.960294362651266400e-03
9.960294362651266400e-03
9.960294362651266400e-03
9.960294362651266400e-03
9.960294362651266400e-03
9.960294362651266400e-03
9.960294362651266400e-03
9.960294362651266400e-03
9.960294362651266400e-03
9.960294362651266400e-03
9.960294362651266400e-03
9.960294362651266400e-03
